0.02	4.946486107594539e-9
0.022	3.7152888748698278e-9
0.024	2.8609586065775305e-9
0.026000000000000002	2.2496712107825136e-9
0.028	1.8008046015288821e-9
0.03	1.4638118230191126e-9
0.032	1.2059055302541485e-9
0.034	1.0051846600063223e-9
0.036000000000000004	8.466405604678274e-10
0.038000000000000006	7.197536048778976e-10
0.04	6.170017689934581e-10
0.041999999999999996	5.329096444379823e-10
0.044	4.634271833146331e-10
0.046	4.0551495055665807e-10
0.048	3.5686174971982357e-10
0.05	3.1568893320108755e-10
0.052000000000000005	2.806125744707675e-10
0.054000000000000006	2.50544941335789e-10
0.05600000000000001	2.2462310332920567e-10
0.057999999999999996	2.0215654610686358e-10
0.06	1.8258828460883632e-10
0.062	1.6546568515766565e-10
0.064	1.504183520178401e-10
0.066	1.3714121130186647e-10
0.068	1.253814572917358e-10
0.07	1.1492839659688775e-10
0.07200000000000001	1.0560548712314172e-10
0.074	9.726404960992857e-11
0.076	8.97782710178668e-11
0.078	8.304120396887064e-11
0.08	7.696154755457535e-11
0.082	7.146104072411466e-11
0.084	6.647234040347138e-11
0.08600000000000001	6.193728503403073e-11
0.08800000000000001	5.780546685843649e-11
0.09000000000000001	5.4033052292540764e-11
0.09200000000000001	5.058180302366523e-11
0.094	4.7418260240917866e-11
0.096	4.451306197713651e-11
0.098	4.184036964359665e-11
0.1	3.9377384477884147e-11
0.10200000000000001	3.7103938410491744e-11
0.10400000000000001	3.500214664478826e-11
0.10600000000000001	3.305611169857804e-11
0.108	3.125167049015288e-11
0.11	2.9576177545903163e-11
0.112	2.8018318631445616e-11
0.114	2.6567950093080092e-11
0.116	2.5215959964485225e-11
0.11800000000000001	2.3954147623467646e-11
0.12000000000000001	2.27751191657712e-11
0.12200000000000001	2.1672196360154777e-11
0.12400000000000001	2.0639337108724837e-11
0.126	1.967106586536756e-11
0.128	1.87624126176617e-11
0.13	1.7908859270423146e-11
0.132	1.7106292416164093e-11
0.134	1.6350961706682217e-11
0.136	1.5639442960646513e-11
0.138	1.496860539519233e-11
0.13999999999999999	1.4335583257319352e-11
0.142	1.3737749368256449e-11
0.144	1.3172692614269586e-11
0.146	1.263819743012196e-11
0.148	1.2132225544952429e-11
0.15	1.1652899666986679e-11
0.152	1.1198488796359422e-11
0.154	1.0767395143126405e-11
0.156	1.0358142303987145e-11
0.158	9.969364642333855e-12
0.16	9.599797704072031e-12
0.162	9.24826958731945e-12
0.164	8.913693134495765e-12
0.16599999999999998	8.595058868241238e-12
0.16799999999999998	8.291428584499025e-12
0.16999999999999998	8.0019295616898e-12
0.172	7.725749292209767e-12
0.174	7.462130673551724e-12
0.176	7.210367664795627e-12
0.178	6.969801311512501e-12
0.18	6.739816130535743e-12
0.182	6.519836782913702e-12
0.184	6.309325066645629e-12
0.186	6.107777148144357e-12
0.188	5.914721025347645e-12
0.19	5.729714151964429e-12
0.192	5.552341447207711e-12
0.194	5.382213248221432e-12
0.19599999999999998	5.218963469968791e-12
0.19799999999999998	5.062248021381995e-12
0.19999999999999998	4.9117432629003474e-12
0.20199999999999999	4.767144593032808e-12
0.204	4.628165169421418e-12
0.206	4.4945346959709496e-12
0.208	4.365998334419071e-12
0.21	4.242315674191619e-12
0.212	4.123259791142801e-12
0.214	4.008616374266031e-12
0.216	3.898182911218518e-12
0.218	3.791767911833443e-12
0.22	3.689190296368724e-12
0.222	3.5902786903080746e-12
0.224	3.494870774890569e-12
0.226	3.4028127880919036e-12
0.228	3.3139590085795613e-12
0.22999999999999998	3.228171195207445e-12
0.23199999999999998	3.145318311513389e-12
0.23399999999999999	3.065275874671721e-12
0.236	2.9879257930786956e-12
0.238	2.9131557525385103e-12
0.24	2.8408591617133436e-12
0.242	2.7709344856180037e-12
0.244	2.7032853732384523e-12
0.246	2.637819874804777e-12
0.248	2.5744507407337324e-12
0.25	2.513094599169249e-12
0.252	2.4536722745974996e-12
0.254	2.396108081868044e-12
0.256	2.3403300341494403e-12
0.258	2.2862693555383944e-12
0.26	2.233860457793549e-12
0.262	2.18304079204171e-12
0.264	2.1337504673276443e-12
0.266	2.0859325577711753e-12
0.268	2.039532271413398e-12
0.27	1.9944976833529133e-12
0.272	1.950778770524824e-12
0.274	1.908327913944764e-12
0.276	1.8670994864992356e-12
0.278	1.8270497015357503e-12
0.28	1.7881369212927822e-12
0.28200000000000003	1.7503208561853883e-12
0.28400000000000003	1.7135633440365508e-12
0.28600000000000003	1.6778275172030912e-12
0.28800000000000003	1.6430781028322493e-12
0.29000000000000004	1.609281444920705e-12
0.29200000000000004	1.5764048632437576e-12
0.29400000000000004	1.5444175051514956e-12
0.29600000000000004	1.5132894052526146e-12
0.29800000000000004	1.4829918775060586e-12
0.30000000000000004	1.4534975506583546e-12
0.30200000000000005	1.4247797611915947e-12
0.30400000000000005	1.396813313074652e-12
0.30600000000000005	1.369573764977137e-12
0.30800000000000005	1.3430375313436995e-12
0.31	1.3171822487119993e-12
0.312	1.2919860673384324e-12
0.314	1.2674281681299634e-12
0.316	1.2434885688398557e-12
0.318	1.2201477183742166e-12
0.32	1.1973872030963887e-12
0.322	1.1751890959359139e-12
0.324	1.1535359610775376e-12
0.326	1.1324113810098902e-12
0.328	1.1117992518750675e-12
0.33	1.0916840533623543e-12
0.332	1.072051052605511e-12
0.334	1.0528857823718742e-12
0.336	1.0341743896753228e-12
0.338	1.0159036318444713e-12
0.34	9.98060492648474e-13
0.342	9.806325698341788e-13
0.34400000000000003	9.636079445955749e-13
0.34600000000000003	9.469748919514052e-13
0.34800000000000003	9.307222715727108e-13
0.35000000000000003	9.148393442609514e-13
0.35200000000000004	8.993155378175517e-13
0.35400000000000004	8.841408090841625e-13
0.35600000000000004	8.693054734830513e-13
0.35800000000000004	8.547999911234084e-13
0.36000000000000004	8.406152722879794e-13
0.36200000000000004	8.267425782503116e-13
0.36400000000000005	8.131732962724692e-13
0.36600000000000005	7.998991646676115e-13
0.36800000000000005	7.869122954939009e-13
0.37000000000000005	7.742049110408081e-13
0.372	7.617694682848487e-13
0.374	7.495988466150883e-13
0.376	7.376860222817664e-13
0.378	7.260240757406705e-13
0.38	7.146065800703449e-13
0.382	7.034271648111101e-13
0.384	6.924795377941555e-13
0.386	6.817578139309292e-13
0.388	6.712562249273868e-13
0.39	6.609690839913529e-13
0.392	6.50890939977411e-13
0.394	6.410165841395443e-13
0.396	6.313408806008476e-13
0.398	6.21858752472545e-13
0.4	6.125655009577385e-13
0.402	6.034564474206621e-13
0.404	5.945269723434108e-13
0.406	5.857727075158604e-13
0.40800000000000003	5.771894202739115e-13
0.41000000000000003	5.687729419817641e-13
0.41200000000000003	5.605191571393853e-13
0.41400000000000003	5.524242518393379e-13
0.41600000000000004	5.444844222423836e-13
0.41800000000000004	5.366959121730494e-13
0.42000000000000004	5.29055148600331e-13
0.42200000000000004	5.21558690892841e-13
0.42400000000000004	5.142031489787638e-13
0.42600000000000005	5.069851342544335e-13
0.42800000000000005	4.999015340019362e-13
0.43000000000000005	4.929492408665518e-13
0.43200000000000005	4.861252036767512e-13
0.43400000000000005	4.794264295805537e-13
0.43600000000000005	4.72850129536046e-13
0.438	4.663935178456819e-13
0.44	4.600538433587615e-13
0.442	4.538284682816776e-13
0.444	4.4771487169858945e-13
0.446	4.417105565626668e-13
0.448	4.358130403396779e-13
0.45	4.300199842693365e-13
0.452	4.243291124973648e-13
0.454	4.1873818233175125e-13
0.456	4.132449505980696e-13
0.458	4.078473338373024e-13
0.46	4.0254327859148457e-13
0.462	3.9733076680287623e-13
0.464	3.922077759631299e-13
0.466	3.871724355169092e-13
0.468	3.822228922251871e-13
0.47000000000000003	3.773573268517711e-13
0.47200000000000003	3.725739156388263e-13
0.47400000000000003	3.6787096839144667e-13
0.47600000000000003	3.6324681435531075e-13
0.47800000000000004	3.5869981063618176e-13
0.48000000000000004	3.542283142110652e-13
0.48200000000000004	3.498307864961627e-13
0.48400000000000004	3.4550572298801873e-13
0.48600000000000004	3.412516375129721e-13
0.48800000000000004	3.3706705158158424e-13
0.49000000000000005	3.329505538349869e-13
0.49200000000000005	3.28900791562873e-13
0.49400000000000005	3.2491641814643896e-13
0.49600000000000005	3.209961053056627e-13
0.49800000000000005	3.1713854822874486e-13
0.5	3.1334253278052037e-13
0.502	3.0960683684691897e-13
0.504	3.059302673173889e-13
0.506	3.0231161409962824e-13
0.508	2.987497842703651e-13
0.51	2.952436689209025e-13
0.512	2.9179218317055214e-13
0.514	2.8839424253462623e-13
0.516	2.850488189224867e-13
0.518	2.8175492019869683e-13
0.52	2.785115584309815e-13
0.522	2.7531776417906653e-13
0.524	2.7217256258465213e-13
0.526	2.69075068659642e-13
0.528	2.6602438146272675e-13
0.53	2.6301962038944547e-13
0.532	2.6005990400199467e-13
0.534	2.5714439581337994e-13
0.536	2.5427228964638086e-13
0.538	2.514427810419941e-13
0.54	2.486550833652639e-13
0.542	2.459083956656955e-13
0.544	2.4320199587422617e-13
0.546	2.4053515037611487e-13
0.548	2.3790713935427287e-13
0.55	2.353172514288624e-13
0.552	2.3276478117835754e-13
0.554	2.302490791206295e-13
0.556	2.277694857285301e-13
0.558	2.2532535561826383e-13
0.56	2.2291604442910149e-13
0.562	2.2054093126230474e-13
0.5640000000000001	2.1819942731183647e-13
0.5660000000000001	2.1589094032368188e-13
0.5680000000000001	2.1361489052178991e-13
0.5700000000000001	2.1137069512201158e-13
0.5720000000000001	2.091578027967919e-13
0.5740000000000001	2.069756808167876e-13
0.5760000000000001	2.0482379633096928e-13
0.5780000000000001	2.0270162752124544e-13
0.5800000000000001	2.006086482601953e-13
0.5820000000000001	1.985443642761848e-13
0.5840000000000001	1.965082946646261e-13
0.5860000000000001	1.9449995914207876e-13
0.5880000000000001	1.9251888720111556e-13
0.5900000000000001	1.9056460513688253e-13
0.5920000000000001	1.886366651619192e-13
0.5940000000000001	1.8673463412957366e-13
0.5960000000000001	1.8485807837301114e-13
0.598	1.83006572905479e-13
0.6	1.8117969205321524e-13
0.602	1.7937702587375523e-13
0.604	1.775981855745071e-13
0.606	1.758427789115677e-13
0.608	1.7411042136335816e-13
0.61	1.7240073161820147e-13
0.612	1.707133302834729e-13
0.614	1.6904786950811603e-13
0.616	1.6740399392839645e-13
0.618	1.6578135506401912e-13
0.62	1.641796111630914e-13
0.622	1.6259841136499322e-13
0.624	1.6103744166263674e-13
0.626	1.5949638091962105e-13
0.628	1.5797491281720162e-13
0.63	1.5647272704746457e-13
0.632	1.5498951103513685e-13
0.634	1.5352496702710085e-13
0.636	1.520788095194769e-13
0.638	1.506507509453271e-13
0.64	1.4924050911710576e-13
0.642	1.4784780673762685e-13
0.644	1.4647235856458893e-13
0.646	1.451139120026265e-13
0.648	1.4377220523377682e-13
0.65	1.4244698126270158e-13
0.652	1.4113798781338007e-13
0.654	1.3984497132610243e-13
0.656	1.3856768709844103e-13
0.658	1.3730590416900513e-13
0.66	1.3605938814959609e-13
0.662	1.3482790889138802e-13
0.664	1.3361124039575344e-13
0.666	1.3240915221357665e-13
0.668	1.31221432213294e-13
0.67	1.3004786925505129e-13
0.672	1.2888825308645143e-13
0.674	1.277423771904435e-13
0.676	1.266100387081346e-13
0.678	1.2549102797556717e-13
0.68	1.2438515938209878e-13
0.682	1.232922410480687e-13
0.684	1.2221208400672844e-13
0.686	1.2114450258997373e-13
0.6880000000000001	1.200893136874891e-13
0.6900000000000001	1.1904632986019903e-13
0.6920000000000001	1.1801538397519105e-13
0.6940000000000001	1.1699630290076947e-13
0.6960000000000001	1.1598891648418062e-13
0.6980000000000001	1.1499305749199141e-13
0.7000000000000001	1.140085608039535e-13
0.7020000000000001	1.1303525698267526e-13
0.7040000000000001	1.120729960113173e-13
0.7060000000000001	1.1112162176067223e-13
0.7080000000000001	1.1018098074253445e-13
0.7100000000000001	1.092509220577366e-13
0.7120000000000001	1.083312973453456e-13
0.7140000000000001	1.0742195263405724e-13
0.7160000000000001	1.0652275261479254e-13
0.7180000000000001	1.056335563811046e-13
0.7200000000000001	1.0475422523634329e-13
0.7220000000000001	1.0388462278462613e-13
0.724	1.0302461488643868e-13
0.726	1.0217406373497061e-13
0.728	1.0133284394391077e-13
0.73	1.005008295384307e-13
0.732	9.967789497706861e-14
0.734	9.886391676696207e-14
0.736	9.805877342495538e-14
0.738	9.72623421922979e-14
0.74	9.647450520822434e-14
0.742	9.569515045250209e-14
0.744	9.492416410612499e-14
0.746	9.416143417761026e-14
0.748	9.340685046885771e-14
0.75	9.26603042106675e-14
0.752	9.192168315655184e-14
0.754	9.119088827251394e-14
0.756	9.046781620484605e-14
0.758	8.975236523313291e-14
0.76	8.904443524022167e-14
0.762	8.834392768282114e-14
0.764	8.765074257863497e-14
0.766	8.696478477240365e-14
0.768	8.628596303296802e-14
0.77	8.56141848287637e-14
0.772	8.494935906405455e-14
0.774	8.42913960530086e-14
0.776	8.364020749430963e-14
0.778	8.299570191654797e-14
0.78	8.235779769138299e-14
0.782	8.172641116664734e-14
0.784	8.110145933387515e-14
0.786	8.048286044977746e-14
0.788	7.9870534013806e-14
0.79	7.926440019883031e-14
0.792	7.866437732979451e-14
0.794	7.807039272863223e-14
0.796	7.748237064891062e-14
0.798	7.690023648137654e-14
0.8	7.632391673409201e-14
0.802	7.575333901296321e-14
0.804	7.51884309806481e-14
0.806	7.462912015876458e-14
0.808	7.40753406527529e-14
0.81	7.35270242715804e-14
0.812	7.298410383036301e-14
0.8140000000000001	7.244651313308836e-14
0.8160000000000001	7.191418695568084e-14
0.8180000000000001	7.13870600989811e-14
0.8200000000000001	7.086506723388857e-14
0.8220000000000001	7.034814894929607e-14
0.8240000000000001	6.983624374493706e-14
0.8260000000000001	6.932929101263221e-14
0.8280000000000001	6.882723102123082e-14
0.8300000000000001	6.83300049018431e-14
0.8320000000000001	6.783755421284441e-14
0.8340000000000001	6.734981908088553e-14
0.8360000000000001	6.686674630336035e-14
0.8380000000000001	6.63882803173679e-14
0.8400000000000001	6.591436635257279e-14
0.8420000000000001	6.544495041804845e-14
0.8440000000000001	6.497997928936933e-14
0.8460000000000001	6.451940049594796e-14
0.8480000000000001	6.406315950107965e-14
0.8500000000000001	6.361120775606138e-14
0.8520000000000001	6.31634953865265e-14
0.854	6.271997281447381e-14
0.856	6.228059115591306e-14
0.858	6.184530220955712e-14
0.86	6.141405844572701e-14
0.862	6.098681152183574e-14
0.864	6.056351527286978e-14
0.866	6.01441255859172e-14
0.868	5.972859751009089e-14
0.87	5.931688671364212e-14
0.872	5.89089494740345e-14
0.874	5.850474266820202e-14
0.876	5.810422375194787e-14
0.878	5.770734815163496e-14
0.88	5.731407715991844e-14
0.882	5.692436995703363e-14
0.884	5.653818627657178e-14
0.886	5.615548639674845e-14
0.888	5.577623113182997e-14
0.89	5.5400381823714203e-14
0.892	5.5027899422927775e-14
0.894	5.465874571791378e-14
0.896	5.429288511681272e-14
0.898	5.3930280990258524e-14
0.9	5.357089719662998e-14
0.902	5.3214698074489246e-14
0.904	5.2861648435158106e-14
0.906	5.2511713555421725e-14
0.908	5.216485782896196e-14
0.91	5.182104796029911e-14
0.912	5.148025143658238e-14
0.914	5.1142435325545964e-14
0.916	5.080756712579714e-14
0.918	5.0475614760254e-14
0.92	5.014654656969888e-14
0.922	4.982033130644043e-14
0.924	4.949693671495793e-14
0.926	4.917633322553301e-14
0.928	4.885849135725315e-14
0.93	4.8543381446909144e-14
0.932	4.8230974212746624e-14
0.934	4.792124074875677e-14
0.936	4.761415251906235e-14
0.9380000000000001	4.730968135240221e-14
0.9400000000000001	4.700779820831281e-14
0.9420000000000001	4.6708476298753e-14
0.9440000000000001	4.6411689098883626e-14
0.9460000000000001	4.611740984220996e-14
0.9480000000000001	4.582561210064551e-14
0.9500000000000001	4.5536269779531764e-14
0.9520000000000001	4.5249357112741506e-14
0.9540000000000001	4.496484865786339e-14
0.9560000000000001	4.4682718413859694e-14
0.9580000000000001	4.44029416036695e-14
0.9600000000000001	4.4125494598645167e-14
0.9620000000000001	4.3850353204328704e-14
0.9640000000000001	4.357749352708645e-14
0.9660000000000001	4.3306891969755866e-14
0.9680000000000001	4.30385252273622e-14
0.9700000000000001	4.277237028290733e-14
0.9720000000000001	4.2508404141696714e-14
0.9740000000000001	4.224660347946285e-14
0.9760000000000001	4.1986947270932694e-14
0.9780000000000001	4.1729413609988545e-14
0.98	4.1473980858448126e-14
0.982	4.122062764224894e-14
0.984	4.0969332847696135e-14
0.986	4.072007561776931e-14
0.988	4.0472835348490416e-14
0.99	4.022759079717923e-14
0.992	3.998432241885326e-14
0.994	3.974301068914105e-14
0.996	3.950363598083455e-14
0.998	3.926617890246697e-14
1.	3.903062029501606e-14
1.002	3.879694122866152e-14
1.004	3.8565122999591144e-14
1.006	3.8335146977467684e-14
1.008	3.81069938934751e-14
1.01	3.7880646878318315e-14
1.012	3.76560881010606e-14
1.014	3.743329994155948e-14
1.016	3.7212264987565895e-14
1.018	3.699296603186807e-14
1.02	3.67753860694807e-14
1.022	3.6559508294877997e-14
1.024	3.6345315710069884e-14
1.026	3.613279158790104e-14
1.028	3.592192042152797e-14
1.03	3.5712686176252235e-14
1.032	3.5505073003635344e-14
1.034	3.529906523898055e-14
1.036	3.509464739885135e-14
1.038	3.489180417863102e-14
1.04	3.4690520450117e-14
1.042	3.4490780817386026e-14
1.044	3.4292570389342877e-14
1.046	3.409587511667574e-14
1.048	3.3900680553354027e-14
1.05	3.3706972418282733e-14
1.052	3.351473659310935e-14
1.054	3.332395912006492e-14
1.056	3.3134626199837836e-14
1.058	3.294672418947846e-14
1.06	3.276023926156229e-14
1.062	3.2575157857559153e-14
1.064	3.2391467364116935e-14
1.066	3.2209154743265726e-14
1.068	3.202820710339103e-14
1.07	3.184861169732082e-14
1.072	3.167035592044091e-14
1.074	3.149342730883895e-14
1.076	3.131781353747558e-14
1.078	3.114350229632823e-14
1.08	3.0970480954789316e-14
1.082	3.0798738304358465e-14
1.084	3.062826255760477e-14
1.086	3.0459042057225945e-14
1.088	3.029106527437604e-14
1.09	3.0124320807016836e-14
1.092	2.9958797378294165e-14
1.094	2.979448383493734e-14
1.096	2.9631369145682145e-14
1.098	2.9469441839836415e-14
1.1	2.9308691517699214e-14
1.102	2.9149107681736924e-14
1.104	2.899067977328272e-14
1.106	2.883339734812975e-14
1.108	2.867725007508609e-14
1.11	2.852222773455139e-14
1.112	2.8368320217112746e-14
1.114	2.8215517522161537e-14
1.116	2.8063809614164425e-14
1.118	2.7913186320935764e-14
1.12	2.7763638496028475e-14
1.122	2.7615156560509107e-14
1.124	2.746773103762315e-14
1.1260000000000001	2.7321352551527028e-14
1.1280000000000001	2.7176011826035978e-14
1.1300000000000001	2.7031699683390984e-14
1.1320000000000001	2.6888407043042812e-14
1.1340000000000001	2.674612492045249e-14
1.1360000000000001	2.660484412481705e-14
1.1380000000000001	2.646455585909856e-14
1.1400000000000001	2.632525172925884e-14
1.1420000000000001	2.6186923123058207e-14
1.1440000000000001	2.604956151852168e-14
1.1460000000000001	2.5913158482837318e-14
1.1480000000000001	2.57777056712697e-14
1.1500000000000001	2.5643194826088918e-14
1.1520000000000001	2.550961777551439e-14
1.1540000000000001	2.537696643267254e-14
1.1560000000000001	2.5245232459332724e-14
1.1580000000000001	2.5114408060729562e-14
1.1600000000000001	2.4984485615065042e-14
1.1620000000000001	2.4855457364886556e-14
1.1640000000000001	2.472731563265255e-14
1.1660000000000001	2.4600052819774355e-14
1.1680000000000001	2.4473661405670202e-14
1.1700000000000002	2.434813394683317e-14
1.1720000000000002	2.42234630759109e-14
1.174	2.409964150079841e-14
1.176	2.3976661729032685e-14
1.178	2.3854516671977674e-14
1.18	2.3733199482875605e-14
1.182	2.3612703161715115e-14
1.184	2.3493020779377862e-14
1.186	2.3374145476801993e-14
1.188	2.325607046415773e-14
1.19	2.313878902003327e-14
1.192	2.3022294490632065e-14
1.194	2.2906580288980734e-14
1.196	2.2791639750675378e-14
1.198	2.267746625963628e-14
1.2	2.2564053733822884e-14
1.202	2.245139584578403e-14
1.204	2.2339486331087592e-14
1.206	2.2228318987589388e-14
1.208	2.2117887674711814e-14
1.21	2.2008186312732408e-14
1.212	2.1899208882080997e-14
1.214	2.1790949422647266e-14
1.216	2.1683402033096178e-14
1.218	2.1576560498761058e-14
1.22	2.1470419371667893e-14
1.222	2.1364972961046892e-14
1.224	2.126021559395176e-14
1.226	2.115614165292439e-14
1.228	2.1052745575362653e-14
1.23	2.095002185289689e-14
1.232	2.0847965030773566e-14
1.234	2.074656970724808e-14
1.236	2.0645830532984425e-14
1.238	2.054574209559217e-14
1.24	2.0446299015875704e-14
1.242	2.0347496350071017e-14
1.244	2.024932895258678e-14
1.246	2.0151791727355292e-14
1.248	2.0054879627277272e-14
1.25	1.9958587653673944e-14
1.252	1.9862910855745777e-14
1.254	1.976784433003876e-14
1.256	1.967338321991654e-14
1.258	1.957952271504038e-14
1.26	1.9486257871712365e-14
1.262	1.9393583998363708e-14
1.264	1.9301496575585442e-14
1.266	1.9209990973113796e-14
1.268	1.911906260447683e-14
1.27	1.9028706926512313e-14
1.272	1.8938919438891062e-14
1.274	1.8849695683646836e-14
1.276	1.876103124471189e-14
1.278	1.8672921747458297e-14
1.28	1.858536285824489e-14
1.282	1.8498350113391804e-14
1.284	1.8411879305627986e-14
1.286	1.832594634967668e-14
1.288	1.8240547071393618e-14
1.29	1.815567733544029e-14
1.292	1.807133304486407e-14
1.294	1.7987510140682817e-14
1.296	1.7904204601475373e-14
1.298	1.782141244297656e-14
1.3	1.7739129717677326e-14
1.302	1.7657352514429762e-14
1.304	1.7576076844000637e-14
1.306	1.7495298823217775e-14
1.308	1.7415014808242986e-14
1.31	1.7335221029489937e-14
1.312	1.725591375183025e-14
1.314	1.7177089274227052e-14
1.316	1.709874392937217e-14
1.318	1.7020874083328334e-14
1.32	1.694347613517539e-14
1.322	1.6866546516660883e-14
1.324	1.6790081691855035e-14
1.326	1.6714078140283485e-14
1.328	1.6638532175361e-14
1.33	1.6563440589506484e-14
1.332	1.6488799972684435e-14
1.334	1.6414606945517713e-14
1.336	1.6340858158966295e-14
1.338	1.6267550294010184e-14
1.34	1.619468006133571e-14
1.342	1.612224420102614e-14
1.344	1.6050239482255646e-14
1.346	1.5978662702986652e-14
1.348	1.5907510689671298e-14
1.35	1.5836780183016927e-14
1.352	1.5766468075455597e-14
1.354	1.5696571383462996e-14
1.356	1.562708704450967e-14
1.358	1.555801202311433e-14
1.36	1.5489343310565287e-14
1.362	1.5421077924645912e-14
1.364	1.5353212909362603e-14
1.366	1.5285745334676116e-14
1.368	1.521867229623643e-14
1.37	1.5151990915120096e-14
1.372	1.508569833757112e-14
1.374	1.5019791579192296e-14
1.3760000000000001	1.4954267946578488e-14
1.3780000000000001	1.488912470675852e-14
1.3800000000000001	1.482435910409307e-14
1.3820000000000001	1.475996840685839e-14
1.3840000000000001	1.4695949907004757e-14
1.3860000000000001	1.463230091991714e-14
1.3880000000000001	1.456901878417932e-14
1.3900000000000001	1.4506100861340184e-14
1.3920000000000001	1.4443544535682888e-14
1.3940000000000001	1.438134721399691e-14
1.3960000000000001	1.4319506325352146e-14
1.3980000000000001	1.4258019170051e-14
1.4000000000000001	1.4196883339511166e-14
1.4020000000000001	1.4136096362520647e-14
1.4040000000000001	1.407565575504955e-14
1.4060000000000001	1.4015559054259031e-14
1.4080000000000001	1.3955803818290543e-14
1.4100000000000001	1.389638762605783e-14
1.4120000000000001	1.3837308077040935e-14
1.4140000000000001	1.3778562791082791e-14
1.4160000000000001	1.3720149408187883e-14
1.4180000000000001	1.3662065588323507e-14
1.4200000000000002	1.3604309011222869e-14
1.4220000000000002	1.354687715852036e-14
1.4240000000000002	1.348976785406343e-14
1.4260000000000002	1.343297895147732e-14
1.428	1.3376508207605613e-14
1.43	1.3320353398107363e-14
1.432	1.326451231727319e-14
1.434	1.3208982777843488e-14
1.436	1.3153762610828759e-14
1.438	1.3098849665331595e-14
1.44	1.3044241808371282e-14
1.442	1.298993692470954e-14
1.444	1.2935932916678889e-14
1.446	1.2882227709580697e-14
1.448	1.2828819248999508e-14
1.45	1.2775705474589271e-14
1.452	1.2722884357285498e-14
1.454	1.2670353884762677e-14
1.456	1.261811206127373e-14
1.458	1.2566156907490419e-14
1.46	1.2514486460346623e-14
1.462	1.2463098772882187e-14
1.464	1.2411991914089275e-14
1.466	1.236116396875974e-14
1.468	1.2310613037335184e-14
1.47	1.2260337235757391e-14
1.472	1.221033460362427e-14
1.474	1.2160603339155935e-14
1.476	1.2111141645147194e-14
1.478	1.2061947698072324e-14
1.48	1.2013019689185569e-14
1.482	1.1964355824380838e-14
1.484	1.1915954324054337e-14
1.486	1.1867813422967557e-14
1.488	1.1819931370112296e-14
1.49	1.1772306428577186e-14
1.492	1.1724936875415294e-14
1.494	1.1677821001513526e-14
1.496	1.1630957111462829e-14
1.498	1.1584343535839319e-14
1.5	1.1537978595385292e-14
1.502	1.1491860633378265e-14
1.504	1.1445988007961157e-14
1.506	1.1400359090354835e-14
1.508	1.1354972264736393e-14
1.51	1.130982592811917e-14
1.512	1.126491849023427e-14
1.514	1.1220248373412568e-14
1.516	1.1175814012468679e-14
1.518	1.1131613854585799e-14
1.52	1.1087646359201969e-14
1.522	1.1043909997897212e-14
1.524	1.1000403054592411e-14
1.526	1.0957124191381845e-14
1.528	1.0914071950870117e-14
1.53	1.0871244852083579e-14
1.532	1.0828641425644946e-14
1.534	1.0786260213667427e-14
1.536	1.0744099769650016e-14
1.538	1.0702158658374384e-14
1.54	1.0660435455801607e-14
1.542	1.0618928748971242e-14
1.544	1.0577637135900732e-14
1.546	1.0536559225486226e-14
1.548	1.0495693637403876e-14
1.55	1.0455038944340878e-14
1.552	1.0414593805816918e-14
1.554	1.0374356913239654e-14
1.556	1.033432692843549e-14
1.558	1.0294502523534283e-14
1.56	1.025488238087711e-14
1.562	1.0215465192924693e-14
1.564	1.0176249662166932e-14
1.566	1.0137234501033085e-14
1.568	1.0098418431803405e-14
1.57	1.005980018652102e-14
1.572	1.0021378506905272e-14
1.574	9.983152144265479e-15
1.576	9.94511985044248e-15
1.578	9.90728032606412e-15
1.58	9.869632430058827e-15
1.582	9.832174951246831e-15
1.584	9.794906687620941e-15
1.586	9.757826446266075e-15
1.588	9.72093304327906e-15
1.59	9.684225303689071e-15
1.592	9.647702061379466e-15
1.594	9.611362159009728e-15
1.596	9.575204447938704e-15
1.598	9.5392277881484e-15
1.6	9.503431048168598e-15
1.602	9.467813105001926e-15
1.604	9.432372814115342e-15
1.606	9.39710905024385e-15
1.608	9.36202076498375e-15
1.61	9.327106868492217e-15
1.612	9.292366279037365e-15
1.614	9.257797922927719e-15
1.616	9.223400734442529e-15
1.618	9.189173655763066e-15
1.62	9.155115636904012e-15
1.622	9.121225635646163e-15
1.624	9.087502617469511e-15
1.6260000000000001	9.053945555486729e-15
1.6280000000000001	9.020553430377873e-15
1.6300000000000001	8.987325230325004e-15
1.6320000000000001	8.954259921410716e-15
1.6340000000000001	8.921356494711712e-15
1.6360000000000001	8.88861400259688e-15
1.6380000000000001	8.856031462615266e-15
1.6400000000000001	8.82360789950302e-15
1.6420000000000001	8.791342345121816e-15
1.6440000000000001	8.759233838398219e-15
1.6460000000000001	8.727281425263824e-15
1.6480000000000001	8.695484158595465e-15
1.6500000000000001	8.663841098156628e-15
1.6520000000000001	8.632351310538899e-15
1.6540000000000001	8.601013869104119e-15
1.6560000000000001	8.569827853927498e-15
1.6580000000000001	8.538792351740671e-15
1.6600000000000001	8.507906442575954e-15
1.6620000000000001	8.477169188846112e-15
1.6640000000000001	8.4465797482207e-15
1.6660000000000001	8.416137233497314e-15
1.6680000000000001	8.3858407638546e-15
1.6700000000000002	8.355689464799277e-15
1.6720000000000002	8.325682468112707e-15
1.6740000000000002	8.295818911798748e-15
1.6760000000000002	8.266097940031716e-15
1.6780000000000002	8.236518703104872e-15
1.6800000000000002	8.207080357379408e-15
1.6820000000000002	8.17778206523406e-15
1.6840000000000002	8.148622995015171e-15
1.686	8.119602320986934e-15
1.688	8.0907192232824e-15
1.69	8.061972844311807e-15
1.692	8.03336240540918e-15
1.694	8.00488711843502e-15
1.696	7.97654618651294e-15
1.698	7.948338818396876e-15
1.7	7.920264228424975e-15
1.702	7.892321636473558e-15
1.704	7.864510267911702e-15
1.706	7.836829353556096e-15
1.708	7.809278129626407e-15
1.71	7.781855837701185e-15
1.712	7.754561724673975e-15
1.714	7.727395042709877e-15
1.716	7.70035504920256e-15
1.718	7.673441004263303e-15
1.72	7.646652126892266e-15
1.722	7.619987741543199e-15
1.724	7.593447126098859e-15
1.726	7.567029563461485e-15
1.728	7.540734341512392e-15
1.73	7.514560753071375e-15
1.732	7.488508095857029e-15
1.734	7.462575672447156e-15
1.736	7.436762790239694e-15
1.738	7.411068761413571e-15
1.74	7.3854929028906e-15
1.742	7.360034536297304e-15
1.744	7.334692987926913e-15
1.746	7.30946758870239e-15
1.748	7.284357670402935e-15
1.75	7.259362535953174e-15
1.752	7.234481571182378e-15
1.754	7.20971412516118e-15
1.756	7.185059551407983e-15
1.758	7.16051720785306e-15
1.76	7.136086456803967e-15
1.762	7.111766664910277e-15
1.764	7.0875572031296085e-15
1.766	7.06345744669308e-15
1.768	7.039466775071793e-15
1.77	7.015584571943002e-15
1.772	6.991810225157281e-15
1.774	6.9681431267051425e-15
1.776	6.944582672684791e-15
1.778	6.921128263269568e-15
1.78	6.897779265100644e-15
1.782	6.874535118198713e-15
1.784	6.851395240895103e-15
1.786	6.828359049343946e-15
1.788	6.805425963617173e-15
1.79	6.782595407674022e-15
1.792	6.7598668093305234e-15
1.794	6.737239600229545e-15
1.796	6.714713215810805e-15
1.798	6.692287095281581e-15
1.8	6.669960681587153e-15
1.802	6.647733421381879e-15
1.804	6.625604765000522e-15
1.806	6.603574166429457e-15
1.808	6.581641083278729e-15
1.81	6.559804962809374e-15
1.812	6.53806526040185e-15
1.814	6.516421467994568e-15
1.816	6.4948730574116756e-15
1.818	6.4734195039631625e-15
1.82	6.452060286418127e-15
1.822	6.430794886978084e-15
1.824	6.409622791250777e-15
1.826	6.388543488224035e-15
1.828	6.367556470239759e-15
1.83	6.346661232968366e-15
1.832	6.325857275383494e-15
1.834	6.305144099736465e-15
1.836	6.284521211531654e-15
1.838	6.263988119501479e-15
1.84	6.2435443355819156e-15
1.842	6.223189353823275e-15
1.844	6.202922700528264e-15
1.846	6.182743910389755e-15
1.848	6.162652507914725e-15
1.85	6.142648020694269e-15
1.852	6.1227299793799064e-15
1.854	6.1028979176609156e-15
1.856	6.083151372241025e-15
1.858	6.063489882816054e-15
1.86	6.043912992051122e-15
1.862	6.0244202455584955e-15
1.864	6.005011191875349e-15
1.866	5.9856853824419376e-15
1.868	5.966442371579784e-15
1.87	5.947281716469996e-15
1.872	5.928202977132157e-15
1.874	5.90920569842726e-15
1.8760000000000001	5.890289451207125e-15
1.8780000000000001	5.871453816865677e-15
1.8800000000000001	5.852698366563941e-15
1.8820000000000001	5.834022674196992e-15
1.8840000000000001	5.815426316373716e-15
1.8860000000000001	5.796908872396788e-15
1.8880000000000001	5.778469924242444e-15
1.8900000000000001	5.760109056540868e-15
1.8920000000000001	5.741825856556626e-15
1.8940000000000001	5.723619914168892e-15
1.8960000000000001	5.705490821852529e-15
1.8980000000000001	5.6874381746585955e-15
1.9000000000000001	5.669461570195665e-15
1.9020000000000001	5.65156060861077e-15
1.9040000000000001	5.633734892570908e-15
1.9060000000000001	5.615984019645826e-15
1.9080000000000001	5.598307584635016e-15
1.9100000000000001	5.580705218311023e-15
1.9120000000000001	5.56317653323542e-15
1.9140000000000001	5.545721144398755e-15
1.9160000000000001	5.52833866920272e-15
1.9180000000000001	5.5110287274426165e-15
1.9200000000000002	5.493790941289817e-15
1.9220000000000002	5.476624935274598e-15
1.9240000000000002	5.4595303362688415e-15
1.9260000000000002	5.442506773469072e-15
1.9280000000000002	5.4255538783795946e-15
1.9300000000000002	5.408671284795808e-15
1.9320000000000002	5.391858628787421e-15
1.9340000000000002	5.37511554868223e-15
1.9360000000000002	5.35844168504964e-15
1.9380000000000002	5.341836680684445e-15
1.94	5.325300164152193e-15
1.942	5.308831791273998e-15
1.944	5.292431219415534e-15
1.946	5.276098100113036e-15
1.948	5.259832087049206e-15
1.95	5.2436328360378355e-15
1.952	5.22750000500854e-15
1.954	5.211433253991552e-15
1.956	5.195432245102782e-15
1.958	5.179496642528701e-15
1.96	5.1636261125119e-15
1.962	5.1478203233360265e-15
1.964	5.1320789453115075e-15
1.966	5.116401650761087e-15
1.968	5.100788114005411e-15
1.97	5.085238011348905e-15
1.972	5.069751021065626e-15
1.974	5.054326805663807e-15
1.976	5.0389650604294385e-15
1.978	5.0236654742278526e-15
1.98	5.00842773307231e-15
1.982	4.993251524876974e-15
1.984	4.978136539443557e-15
1.986	4.9630824684481076e-15
1.988	4.948089005427664e-15
1.99	4.933155845767247e-15
1.992	4.918282686686895e-15
1.994	4.9034692272287286e-15
1.996	4.888715168244217e-15
1.998	4.874020212381412e-15
2.	4.8593840640725565e-15
2.002	4.844806429521376e-15
2.004	4.830287016690883e-15
2.006	4.815825535291068e-15
2.008	4.8014216844900664e-15
2.01	4.787075181977872e-15
2.012	4.772785750526158e-15
2.014	4.7585531067109725e-15
2.016	4.744376968795311e-15
2.018	4.730257056717588e-15
2.02	4.716193092079839e-15
2.0220000000000002	4.702184798136407e-15
2.024	4.6882318997822986e-15
2.0260000000000002	4.674334123542002e-15
2.028	4.660491197558263e-15
2.0300000000000002	4.646702851580742e-15
2.032	4.632968816955129e-15
2.0340000000000003	4.6192888266120716e-15
2.036	4.605662615056296e-15
2.0380000000000003	4.592089918355836e-15
2.04	4.578570474131219e-15
2.0420000000000003	4.5651040127506405e-15
2.044	4.551690225639122e-15
2.0460000000000003	4.5383289135320576e-15
2.048	4.525019820151617e-15
2.0500000000000003	4.511762690720028e-15
2.052	4.498557271949571e-15
2.0540000000000003	4.485403312032197e-15
2.056	4.472300560629647e-15
2.0580000000000003	4.459248768863354e-15
2.06	4.446247689304553e-15
2.0620000000000003	4.433297075964464e-15
2.064	4.420396684284423e-15
2.0660000000000003	4.4075462711263114e-15
2.068	4.394745594762901e-15
2.07	4.381994414868266e-15
2.072	4.369292492508371e-15
2.074	4.356639590131693e-15
2.076	4.344035471559819e-15
2.078	4.3314799124191965e-15
2.08	4.318972688222997e-15
2.082	4.3065135472422535e-15
2.084	4.294102258700745e-15
2.086	4.2817385931498114e-15
2.088	4.269422322459459e-15
2.09	4.257153219809662e-15
2.092	4.244931059681416e-15
2.094	4.232755617848141e-15
2.096	4.220626671367021e-15
2.098	4.2085439985705e-15
2.1	4.196507379057727e-15
2.102	4.184516593686026e-15
2.104	4.172571424562738e-15
2.106	4.1606716550367565e-15
2.108	4.148817069690314e-15
2.11	4.1370074543308205e-15
2.112	4.1252425959827135e-15
2.114	4.11352227904884e-15
2.116	4.1018462856932715e-15
2.118	4.090214417743287e-15
2.12	4.078626467010824e-15
2.122	4.06708222648535e-15
2.124	4.05558149032583e-15
2.126	4.0441240538531264e-15
2.128	4.032709713542402e-15
2.13	4.021338267015489e-15
2.132	4.010009513033289e-15
2.134	3.9987232514884565e-15
2.136	3.987479283397848e-15
2.138	3.976277410895228e-15
2.14	3.965117437223949e-15
2.142	3.953999166729672e-15
2.144	3.942922404853213e-15
2.146	3.9318869581233676e-15
2.148	3.920892634149837e-15
2.15	3.909939241616211e-15
2.152	3.899026611548114e-15
2.154	3.8881545371534615e-15
2.156	3.877322826460702e-15
2.158	3.866531292380575e-15
2.16	3.8557797488631605e-15
2.162	3.84506801089132e-15
2.164	3.834395894473954e-15
2.166	3.823763216639285e-15
2.168	3.813169795428468e-15
2.17	3.8026154498888805e-15
2.172	3.792100000067641e-15
2.174	3.781623267005347e-15
2.176	3.771185072729517e-15
2.178	3.7607852402482405e-15
2.18	3.7504235935440334e-15
2.182	3.740099957567413e-15
2.184	3.729814158230822e-15
2.186	3.719566022402372e-15
2.188	3.709355372207656e-15
2.19	3.699182000205493e-15
2.192	3.689045778293388e-15
2.194	3.678946537099795e-15
2.196	3.668884108178706e-15
2.198	3.6588583240038485e-15
2.2	3.6488690179627894e-15
2.202	3.638916024351184e-15
2.204	3.628999178366839e-15
2.206	3.6191183161042505e-15
2.208	3.609273274548643e-15
2.21	3.599463891570565e-15
2.212	3.589690005920111e-15
2.214	3.579951457221467e-15
2.216	3.570248085967342e-15
2.218	3.560579733513488e-15
2.22	3.550946242073263e-15
2.222	3.5413474547122254e-15
2.224	3.531783215342799e-15
2.226	3.52225336806689e-15
2.228	3.5127577497000296e-15
2.23	3.5032962161533263e-15
2.232	3.493868614673241e-15
2.234	3.4844747933268954e-15
2.236	3.4751146009968576e-15
2.238	3.465787887376063e-15
2.24	3.4564945029626707e-15
2.242	3.447234299055202e-15
2.244	3.4380071277473723e-15
2.246	3.4288128419232236e-15
2.248	3.4196512952522225e-15
2.25	3.4105223421842928e-15
2.2520000000000002	3.4014258379450514e-15
2.254	3.392361638530935e-15
2.2560000000000002	3.3833296007044076e-15
2.258	3.3743295819892976e-15
2.2600000000000002	3.365361440665926e-15
2.262	3.356425035766632e-15
2.2640000000000002	3.347520227070894e-15
2.266	3.338646868012393e-15
2.2680000000000002	3.329804823625169e-15
2.27	3.320993959281899e-15
2.2720000000000002	3.312214137704891e-15
2.274	3.3034652223410292e-15
2.2760000000000002	3.2947470773571427e-15
2.278	3.286059567635704e-15
2.2800000000000002	3.2774025587704434e-15
2.282	3.2687759170619224e-15
2.2840000000000003	3.2601795095132323e-15
2.286	3.251613203825673e-15
2.2880000000000003	3.2430768683945107e-15
2.29	3.2345703723047403e-15
2.2920000000000003	3.2260935853268078e-15
2.294	3.2176463779125218e-15
2.2960000000000003	3.2092286211908133e-15
2.298	3.2008401869636343e-15
2.3000000000000003	3.192480947701932e-15
2.302	3.1841507765414695e-15
2.3040000000000003	3.1758495472788778e-15
2.306	3.1675771266749574e-15
2.3080000000000003	3.1593333972013587e-15
2.31	3.1511182349891213e-15
2.3120000000000003	3.142931516438057e-15
2.314	3.1347731185889938e-15
2.3160000000000003	3.126642919119947e-15
2.318	3.118540796342289e-15
2.3200000000000003	3.110466629196837e-15
2.322	3.102420297250143e-15
2.3240000000000003	3.094401680690721e-15
2.326	3.086410660325213e-15
2.328	3.0784471175748182e-15
2.33	3.0705109344714455e-15
2.332	3.0626019936541924e-15
2.334	3.054720178365568e-15
2.336	3.0468653724479582e-15
2.338	3.0390374603400687e-15
2.34	3.0312363270732217e-15
2.342	3.023461858267978e-15
2.344	3.015713940130461e-15
2.346	3.0079924527242e-15
2.348	3.000297289314927e-15
2.35	2.992628338715903e-15
2.352	2.9849854894409264e-15
2.354	2.977368630572099e-15
2.356	2.969777651756607e-15
2.358	2.962212443203295e-15
2.36	2.9546728956793195e-15
2.362	2.947158900506915e-15
2.364	2.939670349560011e-15
2.366	2.9322071352610176e-15
2.368	2.9247691505776337e-15
2.37	2.9173562890194877e-15
2.372	2.9099684446350928e-15
2.374	2.902605512008552e-15
2.376	2.8952673862564904e-15
2.378	2.8879539630248264e-15
2.38	2.8806651384857645e-15
2.382	2.873400809334607e-15
2.384	2.866160872786726e-15
2.386	2.8589452233499946e-15
2.388	2.851753758860948e-15
2.39	2.8445863817515735e-15
2.392	2.8374429912869675e-15
2.394	2.830323487237266e-15
2.396	2.823227769874675e-15
2.398	2.8161557399704847e-15
2.4	2.8091072987922777e-15
2.402	2.8020823481008816e-15
2.404	2.7950807901476352e-15
2.406	2.788102527671458e-15
2.408	2.781147463896055e-15
2.41	2.7742155025270614e-15
2.412	2.7673065477492483e-15
2.414	2.7604205042237797e-15
2.416	2.753557277085454e-15
2.418	2.7467167719399214e-15
2.42	2.739898894860959e-15
2.422	2.733103552387783e-15
2.424	2.7263306515224173e-15
2.426	2.7195800997269045e-15
2.428	2.7128518006696253e-15
2.43	2.7061456651398406e-15
2.432	2.699461603835283e-15
2.434	2.69279952603174e-15
2.436	2.6861593414520866e-15
2.438	2.6795409602635817e-15
2.44	2.672944293075352e-15
2.442	2.666369250935856e-15
2.444	2.6598157453304182e-15
2.446	2.653283688178667e-15
2.448	2.646772991832047e-15
2.45	2.640283569071402e-15
2.452	2.6338153331044796e-15
2.454	2.627368197563546e-15
2.456	2.6209420765029062e-15
2.458	2.6145368843965082e-15
2.46	2.6081525361356078e-15
2.462	2.6017889470263488e-15
2.464	2.595446032787437e-15
2.466	2.5891237095477167e-15
2.468	2.5828218938439643e-15
2.47	2.576540499547517e-15
2.472	2.57027944468575e-15
2.474	2.564038649425355e-15
2.476	2.557818031911461e-15
2.478	2.551617510685657e-15
2.48	2.5454370046837294e-15
2.482	2.5392764332334824e-15
2.484	2.533135716052536e-15
2.486	2.527014773246069e-15
2.488	2.520913525304697e-15
2.49	2.5148318931022625e-15
2.492	2.5087697978937394e-15
2.494	2.5027271613130326e-15
2.496	2.4967039053708926e-15
2.498	2.4906999524527398e-15
2.5	2.484715225316696e-15
2.5020000000000002	2.4787496470913483e-15
2.504	2.4728031412737856e-15
2.5060000000000002	2.4668756317274965e-15
2.508	2.4609670426802906e-15
2.5100000000000002	2.4550772987223622e-15
2.512	2.4492063245277102e-15
2.5140000000000002	2.443354041103451e-15
2.516	2.43752037871984e-15
2.5180000000000002	2.4317052633961135e-15
2.52	2.42590862150391e-15
2.5220000000000002	2.4201303797652465e-15
2.524	2.4143704652505984e-15
2.5260000000000002	2.4086288053769687e-15
2.528	2.4029053279059903e-15
2.5300000000000002	2.397199960941953e-15
2.532	2.3915126329299974e-15
2.5340000000000003	2.3858432726541647e-15
2.536	2.380191809235529e-15
2.5380000000000003	2.3745581721304064e-15
2.54	2.3689422911284093e-15
2.5420000000000003	2.3633440963506615e-15
2.544	2.357763518248026e-15
2.5460000000000003	2.352200487599174e-15
2.548	2.3466549355088724e-15
2.5500000000000003	2.341126793406154e-15
2.552	2.3356159930425626e-15
2.5540000000000003	2.330122466490397e-15
2.556	2.3246461324181966e-15
2.5580000000000003	2.319186874585415e-15
2.56	2.3137446891059117e-15
2.5620000000000003	2.308319509315256e-15
2.564	2.302911268861042e-15
2.5660000000000003	2.297519901701287e-15
2.568	2.2921453421026196e-15
2.5700000000000003	2.2867875246387327e-15
2.572	2.281446384188559e-15
2.5740000000000003	2.276121855934775e-15
2.576	2.270813875362001e-15
2.5780000000000003	2.2655223782552737e-15
2.58	2.2602473006983305e-15
2.582	2.2549885790720557e-15
2.584	2.2497461500528484e-15
2.586	2.2445199506110063e-15
2.588	2.2393099180091317e-15
2.59	2.2341159898005965e-15
2.592	2.228938103827937e-15
2.594	2.223776198221274e-15
2.596	2.218630211396804e-15
2.598	2.213500082055241e-15
2.6	2.2083857491802792e-15
2.602	2.203287272034872e-15
2.604	2.198204479896324e-15
2.606	2.193137302160105e-15
2.608	2.1880856789302703e-15
2.61	2.1830495505863875e-15
2.612	2.178028857781947e-15
2.614	2.1730235414429506e-15
2.616	2.168033542766434e-15
2.618	2.163058803219056e-15
2.62	2.1580992645355793e-15
2.622	2.153154868717521e-15
2.624	2.1482255580316664e-15
2.626	2.1433112750087073e-15
2.628	2.1384119624418014e-15
2.63	2.1335275633851684e-15
2.632	2.1286580211527397e-15
2.634	2.123803279316744e-15
2.636	2.118963281706356e-15
2.638	2.1141379724062984e-15
2.64	2.109327295755539e-15
2.642	2.104531196345921e-15
2.644	2.099749619020789e-15
2.646	2.094982490732182e-15
2.648	2.0902297270350246e-15
2.65	2.085491321797779e-15
2.652	2.0807672208548998e-15
2.654	2.076057370285874e-15
2.656	2.071361716413802e-15
2.658	2.066680205804212e-15
2.66	2.062012785263731e-15
2.662	2.0573594018388372e-15
2.664	2.052720002814593e-15
2.666	2.048094535713411e-15
2.668	2.0434829482937724e-15
2.67	2.038885188548994e-15
2.672	2.0343012047060634e-15
2.674	2.0297309452243033e-15
2.676	2.0251743587942633e-15
2.678	2.0206313943364453e-15
2.68	2.0161020010001212e-15
2.682	2.0115861281621145e-15
2.684	2.0070837254257056e-15
2.686	2.002594742619312e-15
2.688	1.9981191297954077e-15
2.69	1.9936568372293587e-15
2.692	1.9892078146964253e-15
2.694	1.9847720112645674e-15
2.696	1.9803493802583425e-15
2.698	1.9759398728329663e-15
2.7	1.9715434403608154e-15
2.702	1.967160034430275e-15
2.704	1.9627896068446133e-15
2.706	1.958432109620899e-15
2.708	1.954087494988885e-15
2.71	1.9497557153898885e-15
2.712	1.945436723475753e-15
2.714	1.9411304721076714e-15
2.716	1.9368369143552197e-15
2.718	1.932556003495176e-15
2.72	1.9282876930105248e-15
2.722	1.924031936589386e-15
2.724	1.919788688123923e-15
2.726	1.9155579017093353e-15
2.728	1.9113395316428073e-15
2.73	1.9071335324224467e-15
2.732	1.902939858746298e-15
2.734	1.898758465511279e-15
2.736	1.894589307812179e-15
2.738	1.890432340940663e-15
2.74	1.8862875181664378e-15
2.742	1.8821547968136152e-15
2.744	1.878034133348751e-15
2.746	1.87392548384085e-15
2.748	1.869828804550825e-15
2.75	1.8657440519305125e-15
2.7520000000000002	1.8616711826216726e-15
2.754	1.8576101534550382e-15
2.7560000000000002	1.8535609214493835e-15
2.758	1.849523443810489e-15
2.7600000000000002	1.8454976779303e-15
2.762	1.8414835813859046e-15
2.7640000000000002	1.8374811119386338e-15
2.766	1.833490227533093e-15
2.7680000000000002	1.8295108862962715e-15
2.77	1.825543046536622e-15
2.7720000000000002	1.8215866667430926e-15
2.774	1.8176417055842913e-15
2.7760000000000002	1.8137081219075055e-15
2.778	1.8097858747378747e-15
2.7800000000000002	1.8058749232774076e-15
2.782	1.801975226904179e-15
2.7840000000000003	1.798086745171395e-15
2.786	1.7942094378065215e-15
2.7880000000000003	1.7903432560404496e-15
2.79	1.7864881681023283e-15
2.7920000000000003	1.7826441347974806e-15
2.794	1.778811116541524e-15
2.7960000000000003	1.7749890739199591e-15
2.798	1.771177967687417e-15
2.8000000000000003	1.7673777587667518e-15
2.802	1.763588408248222e-15
2.8040000000000003	1.7598098773886412e-15
2.806	1.7560421276105711e-15
2.8080000000000003	1.7522851205014678e-15
2.81	1.7485388178128842e-15
2.8120000000000003	1.7448031814596377e-15
2.814	1.7410781735189845e-15
2.8160000000000003	1.7373637562298596e-15
2.818	1.7336598919920216e-15
2.8200000000000003	1.7299665433652773e-15
2.822	1.7262836730686855e-15
2.8240000000000003	1.7226112439797768e-15
2.826	1.7189492191337676e-15
2.8280000000000003	1.7152975617227264e-15
2.83	1.7116562350948944e-15
2.8320000000000003	1.7080252027538376e-15
2.834	1.7044044283576885e-15
2.836	1.7007938784851142e-15
2.838	1.697193515660619e-15
2.84	1.6936033026551744e-15
2.842	1.6900232037377411e-15
2.844	1.6864531833281072e-15
2.846	1.6828932059961314e-15
2.848	1.6793432364609789e-15
2.85	1.6758032395904437e-15
2.852	1.6722731804001444e-15
2.854	1.6687530240528676e-15
2.856	1.6652427358577952e-15
2.858	1.6617422812698316e-15
2.86	1.6582516258888622e-15
2.862	1.6547707354590306e-15
2.864	1.651299575868087e-15
2.866	1.6478381131466132e-15
2.868	1.6443863134673809e-15
2.87	1.6409441431446643e-15
2.872	1.6375115686334901e-15
2.874	1.6340885565290161e-15
2.876	1.6306750735658112e-15
2.878	1.6272710866171729e-15
2.88	1.6238765626944951e-15
2.882	1.6204914689465587e-15
2.884	1.617115772658871e-15
2.886	1.613749425158927e-15
2.888	1.6103924099189367e-15
2.89	1.6070446948884668e-15
2.892	1.603706247892977e-15
2.894	1.6003770368914006e-15
2.896	1.5970570299754707e-15
2.898	1.5937461953690749e-15
2.9	1.5904445014276235e-15
2.902	1.5871519166374556e-15
2.904	1.5838684096151358e-15
2.906	1.5805939491068665e-15
2.908	1.5773285039878818e-15
2.91	1.5740720432617878e-15
2.912	1.5708245360599635e-15
2.914	1.567585951640941e-15
2.916	1.5643562593898129e-15
2.918	1.5611354288176087e-15
2.92	1.557923429560675e-15
2.922	1.5547202313801239e-15
2.924	1.5515258041611775e-15
2.926	1.5483401179126326e-15
2.928	1.545163142766189e-15
2.93	1.5419948489759765e-15
2.932	1.5388352069178455e-15
2.934	1.5356841870889001e-15
2.936	1.5325417703523034e-15
2.938	1.529407918743269e-15
2.94	1.5262826015198537e-15
2.942	1.5231657896584233e-15
2.944	1.5200574542537299e-15
2.946	1.5169575665182484e-15
2.948	1.5138660977817176e-15
2.95	1.5107830194905048e-15
2.952	1.5077083032071088e-15
2.954	1.5046419206095838e-15
2.956	1.5015838434909747e-15
2.958	1.4985340437587997e-15
2.96	1.4954924934345338e-15
2.962	1.4924591646529796e-15
2.964	1.4894340296618424e-15
2.966	1.4864170608211174e-15
2.968	1.4834082306026058e-15
2.97	1.48040751158933e-15
2.972	1.4774148764750975e-15
2.974	1.474430298063899e-15
2.976	1.4714537492694475e-15
2.978	1.4684852031146035e-15
2.98	1.4655246327309189e-15
2.982	1.4625720113580977e-15
2.984	1.459627312343495e-15
2.986	1.4566905086491316e-15
2.988	1.4537615732306054e-15
2.99	1.450840480860678e-15
2.992	1.4479272053122378e-15
2.994	1.4450217204633444e-15
2.996	1.4421240002967006e-15
2.998	1.4392340188991874e-15
3.	1.436351750461392e-15
3.0020000000000002	1.4334771692770657e-15
3.004	1.430610249742708e-15
3.0060000000000002	1.427750966357061e-15
3.008	1.4248992937206361e-15
3.0100000000000002	1.4220552065352144e-15
3.012	1.419218679603429e-15
3.0140000000000002	1.4163896878282399e-15
3.016	1.4135682062125302e-15
3.0180000000000002	1.4107542098585676e-15
3.02	1.4079476739676244e-15
3.0220000000000002	1.4051485738394432e-15
3.024	1.402356884871844e-15
3.0260000000000002	1.3995725825602117e-15
3.028	1.3967956424970999e-15
3.0300000000000002	1.3940260403717626e-15
3.032	1.3912637519696722e-15
3.0340000000000003	1.3885087531721373e-15
3.036	1.385761019955813e-15
3.0380000000000003	1.3830205279526859e-15
3.04	1.3802872527802307e-15
3.0420000000000003	1.3775611716933178e-15
3.044	1.3748422610456766e-15
3.0460000000000003	1.372130497284182e-15
3.048	1.3694258569484989e-15
3.0500000000000003	1.3667283166706176e-15
3.052	1.3640378531744342e-15
3.0540000000000003	1.36135444327534e-15
3.056	1.3586780638797857e-15
3.0580000000000003	1.356008691984886e-15
3.06	1.3533463046779971e-15
3.0620000000000003	1.3506908791362866e-15
3.064	1.3480423926263539e-15
3.0660000000000003	1.3454008225037763e-15
3.068	1.3427661462127715e-15
3.0700000000000003	1.340138341285719e-15
3.072	1.3375173853427979e-15
3.0740000000000003	1.334903256091608e-15
3.076	1.332295931326717e-15
3.0780000000000003	1.3296953889292944e-15
3.08	1.3271016068667298e-15
3.0820000000000003	1.3245145631922322e-15
3.084	1.3219342360444059e-15
3.0860000000000003	1.3193606036469378e-15
3.088	1.3167936443081216e-15
3.0900000000000003	1.3142333364205585e-15
3.092	1.3116796660797456e-15
3.094	1.3091326055096422e-15
3.096	1.306592132030017e-15
3.098	1.30405822436692e-15
3.1	1.301530861328743e-15
3.102	1.299010021805923e-15
3.104	1.2964956847705277e-15
3.106	1.2939878292758694e-15
3.108	1.2914864344561968e-15
3.11	1.288991479526275e-15
3.112	1.2865029437810436e-15
3.114	1.284020806595294e-15
3.116	1.2815450474232196e-15
3.118	1.279075645798161e-15
3.12	1.2766125813321788e-15
3.122	1.2741558337157466e-15
3.124	1.271705382717347e-15
3.126	1.269261208183185e-15
3.128	1.2668232900367879e-15
3.13	1.2643916082787135e-15
3.132	1.2619661429861174e-15
3.134	1.2595468743125179e-15
3.136	1.2571337824873854e-15
3.138	1.2547268478158123e-15
3.14	1.2523260506781856e-15
3.142	1.2499313715298696e-15
3.144	1.2475427909008285e-15
3.146	1.2451602792936743e-15
3.148	1.2427838268531656e-15
3.15	1.2404134150141044e-15
3.152	1.2380490246014395e-15
3.154	1.2356906365131396e-15
3.156	1.2333382317197927e-15
3.158	1.2309917912643356e-15
3.16	1.2286512962617338e-15
3.162	1.226316727898629e-15
3.164	1.2239880674330556e-15
3.166	1.2216652961941002e-15
3.168	1.2193483955815957e-15
3.17	1.2170373470658354e-15
3.172	1.2147321321872012e-15
3.174	1.2124327325559245e-15
3.176	1.210139129851725e-15
3.178	1.207851305823524e-15
3.18	1.2055692422891628e-15
3.182	1.203292921135034e-15
3.184	1.201022324315871e-15
3.186	1.1987574338543646e-15
3.188	1.1964982318409141e-15
3.19	1.1942447004333061e-15
3.192	1.1919968218564418e-15
3.194	1.189754578402011e-15
3.196	1.1875179524282324e-15
3.198	1.185286926359536e-15
3.2	1.1830614821308546e-15
3.202	1.180841602407095e-15
3.204	1.178627270260543e-15
3.206	1.1764184683776332e-15
3.208	1.1742151795095753e-15
3.21	1.172017386472082e-15
3.212	1.169825072145094e-15
3.214	1.1676382194725003e-15
3.216	1.165456811461843e-15
3.218	1.1632808311840728e-15
3.22	1.1611102617732313e-15
3.222	1.15894508642621e-15
3.224	1.1567852884024755e-15
3.226	1.154630851023766e-15
3.228	1.1524817576738772e-15
3.23	1.1503379917983191e-15
3.232	1.1481995369041139e-15
3.234	1.1460663765595113e-15
3.236	1.1439384943937007e-15
3.238	1.1418158740965778e-15
3.24	1.1396984994184492e-15
3.242	1.1375863541698202e-15
3.244	1.1354794222210775e-15
3.246	1.133377687502278e-15
3.248	1.1312811340028584e-15
3.25	1.1291897457714119e-15
3.2520000000000002	1.1271035069153993e-15
3.254	1.1250224016009197e-15
3.2560000000000002	1.1229464134445918e-15
3.258	1.1208755270683617e-15
3.2600000000000002	1.1188097270849897e-15
3.262	1.1167489978925704e-15
3.2640000000000002	1.1146933239465666e-15
3.266	1.1126426897596043e-15
3.2680000000000002	1.1105970799011692e-15
3.27	1.108556478997427e-15
3.2720000000000002	1.1065208717309158e-15
3.274	1.1044902428403518e-15
3.2760000000000002	1.1024645771203872e-15
3.278	1.1004438594213483e-15
3.2800000000000002	1.098428074648995e-15
3.282	1.0964172077643152e-15
3.2840000000000003	1.0944112437832652e-15
3.286	1.0924101677765491e-15
3.2880000000000003	1.0904139648693693e-15
3.29	1.0884226202412092e-15
3.2920000000000003	1.0864361191255846e-15
3.294	1.0844544468098454e-15
3.2960000000000003	1.082477588634913e-15
3.298	1.0805055299950831e-15
3.3000000000000003	1.0785382563377607e-15
3.302	1.0765757531632774e-15
3.3040000000000003	1.074618006024637e-15
3.306	1.0726650005273131e-15
3.3080000000000003	1.0707167223290104e-15
3.31	1.068773157139443e-15
3.3120000000000003	1.0668342897636135e-15
3.314	1.0649001051581581e-15
3.3160000000000003	1.0629705910122173e-15
3.318	1.0610457332413393e-15
3.3200000000000003	1.0591255178120072e-15
3.322	1.0572099307414025e-15
3.3240000000000003	1.0552989580972332e-15
3.326	1.0533925859974605e-15
3.3280000000000003	1.0514908006101454e-15
3.33	1.0495935881531994e-15
3.3320000000000003	1.0477009348942038e-15
3.334	1.045812827150161e-15
3.3360000000000003	1.043929251287346e-15
3.338	1.0420501937210386e-15
3.3400000000000003	1.0401756409153532e-15
3.342	1.038305579383033e-15
3.3440000000000003	1.036439995685229e-15
3.346	1.0345788764313194e-15
3.3480000000000003	1.0327222082786828e-15
3.35	1.0308699779325334e-15
3.352	1.0290221721456677e-15
3.354	1.0271787777183234e-15
3.356	1.0253397814979499e-15
3.358	1.0235051703790025e-15
3.36	1.021674931302774e-15
3.362	1.019849051257184e-15
3.364	1.0180275172765957e-15
3.366	1.0162103164415874e-15
3.368	1.014397435878821e-15
3.37	1.0125888633675511e-15
3.372	1.0107845861127394e-15
3.374	1.0089845907795066e-15
3.376	1.0071888646767989e-15
3.378	1.0053973951586898e-15
3.38	1.0036101696241422e-15
3.382	1.0018271755168694e-15
3.384	1.0000484003251208e-15
3.386	9.982738315814944e-16
3.388	9.965034568627884e-16
3.39	9.947372637897666e-16
3.392	9.929752400270312e-16
3.394	9.912173732827984e-16
3.396	9.89463651308737e-16
3.398	9.87714061899802e-16
3.4	9.859685928940327e-16
3.402	9.84227232172374e-16
3.404	9.824899676585326e-16
3.406	9.807567873187643e-16
3.408	9.790276791617251e-16
3.41	9.77302631238274e-16
3.412	9.755816316413256e-16
3.414	9.738646685056548e-16
3.416	9.721517300077442e-16
3.418	9.704428043655826e-16
3.42	9.687378798385498e-16
3.422	9.670369447271742e-16
3.424	9.653399873730469e-16
3.426	9.636469961585676e-16
3.428	9.619579596307257e-16
3.43	9.602728667726213e-16
3.432	9.585917054417504e-16
3.434	9.569144641822932e-16
3.436	9.552411315784498e-16
3.438	9.5357169625429e-16
3.44	9.519061468735725e-16
3.442	9.502444721396046e-16
3.444	9.485866607950768e-16
3.446	9.46932701621882e-16
3.448	9.452825834409799e-16
3.45	9.436362951122296e-16
3.452	9.419938255342307e-16
3.454	9.40355163644162e-16
3.456	9.387202984176384e-16
3.458	9.370892188685515e-16
3.46	9.354619140489066e-16
3.462	9.33838373048659e-16
3.464	9.322185849955982e-16
3.466	9.306025390551605e-16
3.468	9.2899022443028e-16
3.47	9.273816303612492e-16
3.472	9.257767461255783e-16
3.474	9.241755610378173e-16
3.476	9.22578064449411e-16
3.478	9.209842457485865e-16
3.48	9.193940943601516e-16
3.482	9.178075997453907e-16
3.484	9.16224751401902e-16
3.486	9.14645538863444e-16
3.488	9.130699507829899e-16
3.49	9.114979756220623e-16
3.492	9.099296050949669e-16
3.494	9.083648288786456e-16
3.496	9.068036366854893e-16
3.498	9.05246018263198e-16
3.5	9.036919633946386e-16
3.5020000000000002	9.021414618976886e-16
3.504	9.00594503625138e-16
3.5060000000000002	8.990510784645034e-16
3.508	8.97511176337906e-16
3.5100000000000002	8.959747872019433e-16
3.512	8.94441901047543e-16
3.5140000000000002	8.929125078998307e-16
3.516	8.913865978179838e-16
3.5180000000000002	8.898641608951071e-16
3.52	8.883451872580946e-16
3.5220000000000002	8.868296670674867e-16
3.524	8.853175905173531e-16
3.5260000000000002	8.838089478351439e-16
3.528	8.823037292815614e-16
3.5300000000000002	8.808019251504318e-16
3.532	8.793035257685838e-16
3.5340000000000003	8.778085214956903e-16
3.536	8.763169027241606e-16
3.5380000000000003	8.748286598790022e-16
3.54	8.733437834177083e-16
3.5420000000000003	8.718622638300885e-16
3.544	8.703840916381894e-16
3.5460000000000003	8.689092573961389e-16
3.548	8.674377516900299e-16
3.5500000000000003	8.659695656846471e-16
3.552	8.645046895197621e-16
3.5540000000000003	8.630431138372965e-16
3.556	8.615848293499298e-16
3.5580000000000003	8.601298268016936e-16
3.56	8.586780969678263e-16
3.5620000000000003	8.57229630654655e-16
3.564	8.557844186994757e-16
3.5660000000000003	8.543424519704422e-16
3.568	8.529037213664235e-16
3.5700000000000003	8.514682178168929e-16
3.572	8.500359322818117e-16
3.5740000000000003	8.486068557515068e-16
3.576	8.471809792465613e-16
3.5780000000000003	8.457582938176694e-16
3.58	8.443387905455518e-16
3.5820000000000003	8.429224605408116e-16
3.584	8.415092949438336e-16
3.5860000000000003	8.400992849246581e-16
3.588	8.386924216828812e-16
3.5900000000000003	8.37288696447519e-16
3.592	8.358881004769075e-16
3.5940000000000003	8.344906250585742e-16
3.596	8.330962615091335e-16
3.5980000000000003	8.317050011741942e-16
3.6	8.303168354281972e-16
3.6020000000000003	8.289317556743474e-16
3.604	8.27549753344488e-16
3.606	8.261708198989856e-16
3.608	8.247949468266062e-16
3.61	8.234221256315299e-16
3.612	8.220523474541459e-16
3.614	8.206856042872894e-16
3.616	8.193218877323024e-16
3.618	8.179611894183829e-16
3.62	8.166035010024983e-16
3.622	8.152488141692581e-16
3.624	8.138971206308438e-16
3.626	8.125484121268486e-16
3.628	8.112026804242089e-16
3.63	8.098599173171019e-16
3.632	8.085201146268144e-16
3.634	8.071832642016589e-16
3.636	8.058493579168609e-16
3.638	8.045183876744584e-16
3.64	8.031903454032011e-16
3.642	8.018652230584343e-16
3.644	8.00543012622016e-16
3.646	7.992237061022069e-16
3.648	7.979072955335664e-16
3.65	7.965937729768427e-16
3.652	7.952831305188981e-16
3.654	7.939753602725896e-16
3.656	7.926704543766715e-16
3.658	7.913684049956938e-16
3.66	7.900692043199174e-16
3.662	7.887728445651961e-16
3.664	7.874793179729042e-16
3.666	7.861886168098081e-16
3.668	7.849007333679939e-16
3.67	7.836156599647578e-16
3.672	7.823333889425177e-16
3.674	7.810539124488342e-16
3.676	7.797772229433403e-16
3.678	7.785033129972584e-16
3.68	7.77232175052529e-16
3.682	7.759638015757192e-16
3.684	7.746981850579552e-16
3.686	7.734353180148255e-16
3.688	7.721751929862627e-16
3.69	7.709178025364931e-16
3.692	7.696631392539028e-16
3.694	7.684111957509817e-16
3.696	7.671619646642071e-16
3.698	7.659154386539613e-16
3.7	7.64671610404449e-16
3.702	7.63430472623588e-16
3.704	7.621920180429437e-16
3.706	7.609562394176153e-16
3.708	7.597231295261766e-16
3.71	7.584926811705463e-16
3.712	7.572648871759405e-16
3.714	7.560397403907659e-16
3.716	7.548172336865237e-16
3.718	7.535973599577525e-16
3.72	7.523801121218952e-16
3.722	7.511654831192693e-16
3.724	7.499534659129294e-16
3.726	7.487440534886112e-16
3.728	7.475372388546435e-16
3.73	7.463330150418494e-16
3.732	7.451313751034803e-16
3.734	7.439323121151187e-16
3.736	7.427358191745967e-16
3.738	7.415418892012455e-16
3.74	7.403505154046976e-16
3.742	7.391616910834241e-16
3.744	7.379754094234179e-16
3.746	7.367916636325298e-16
3.748	7.356104469403589e-16
3.75	7.344317525981828e-16
3.7520000000000002	7.332555738788594e-16
3.754	7.320819040767843e-16
3.7560000000000002	7.309107365077662e-16
3.758	7.297420645089807e-16
3.7600000000000002	7.285758814388718e-16
3.762	7.274121806770755e-16
3.7640000000000002	7.262509556243481e-16
3.766	7.250921997024848e-16
3.7680000000000002	7.239359063542382e-16
3.77	7.227820690432432e-16
3.7720000000000002	7.216306812539414e-16
3.774	7.204817364914907e-16
3.7760000000000002	7.193352282817113e-16
3.778	7.181911501709906e-16
3.7800000000000002	7.170494957262141e-16
3.782	7.159102585346924e-16
3.7840000000000003	7.147734322040768e-16
3.786	7.136390103622866e-16
3.7880000000000003	7.125069866574461e-16
3.79	7.113773547577974e-16
3.7920000000000003	7.102501083516176e-16
3.794	7.091252411471723e-16
3.7960000000000003	7.08002746872619e-16
3.798	7.068826192759406e-16
3.8000000000000003	7.057648521248747e-16
3.802	7.046494391917316e-16
3.8040000000000003	7.035363740294721e-16
3.806	7.024256507348659e-16
3.8080000000000003	7.013172631539308e-16
3.81	7.002112051520787e-16
3.8120000000000003	6.99107470614041e-16
3.814	6.980060534437904e-16
3.8160000000000003	6.969069475644915e-16
3.818	6.958101469184128e-16
3.8200000000000003	6.947156454668489e-16
3.822	6.936234371900873e-16
3.8240000000000003	6.925335160872913e-16
3.826	6.914458761764725e-16
3.8280000000000003	6.903605114943893e-16
3.83	6.892774160965045e-16
3.8320000000000003	6.881965840568952e-16
3.834	6.871180094682057e-16
3.8360000000000003	6.86041686441552e-16
3.838	6.849676091064963e-16
3.8400000000000003	6.838957716109224e-16
3.842	6.828261681210344e-16
3.8440000000000003	6.817587928212334e-16
3.846	6.806936399140824e-16
3.8480000000000003	6.796307036202369e-16
3.85	6.785699781783621e-16
3.8520000000000003	6.77511457845093e-16
3.854	6.76455136894952e-16
3.8560000000000003	6.754010096202805e-16
3.858	6.743490703311912e-16
3.86	6.732993133554856e-16
3.862	6.722517330386109e-16
3.864	6.712063237435697e-16
3.866	6.701630798508768e-16
3.868	6.69121995758488e-16
3.87	6.68083065654125e-16
3.872	6.670462841842977e-16
3.874	6.660116458135457e-16
3.876	6.649791450089522e-16
3.878	6.639487762547425e-16
3.88	6.629205340522052e-16
3.882	6.618944129196313e-16
3.884	6.608704073922698e-16
3.886	6.598485120222348e-16
3.888	6.588287213784749e-16
3.89	6.578110300467002e-16
3.892	6.567954326293099e-16
3.894	6.55781923745366e-16
3.896	6.547704980304891e-16
3.898	6.537611501368473e-16
3.9	6.52753874733042e-16
3.902	6.517486665041066e-16
3.904	6.507455201514032e-16
3.906	6.497444303925837e-16
3.908	6.48745391961529e-16
3.91	6.477483996082827e-16
3.912	6.467534480990184e-16
3.914	6.45760532215942e-16
3.916	6.4476964675727295e-16
3.918	6.437807865371607e-16
3.92	6.427939463856436e-16
3.922	6.418091211485798e-16
3.924	6.40826305687606e-16
3.926	6.398454948800606e-16
3.928	6.388666836189462e-16
3.93	6.378898668128681e-16
3.932	6.369150393859739e-16
3.934	6.359421962779057e-16
3.936	6.349713323855307e-16
3.938	6.340024425630531e-16
3.94	6.330355219715379e-16
3.942	6.320705656120353e-16
3.944	6.311075685008189e-16
3.946	6.30146525669316e-16
3.948	6.291874321640638e-16
3.95	6.282302830466624e-16
3.952	6.272750733937041e-16
3.954	6.263217982967451e-16
3.956	6.253704528622269e-16
3.958	6.24421032211434e-16
3.96	6.234735314804472e-16
3.962	6.225279458200843e-16
3.964	6.215842703958536e-16
3.966	6.206425003878948e-16
3.968	6.197026309909245e-16
3.97	6.187646574142035e-16
3.972	6.1782857488147e-16
3.974	6.168943786308849e-16
3.976	6.159620639149918e-16
3.978	6.150316260006677e-16
3.98	6.141030601690647e-16
3.982	6.131763617155534e-16
3.984	6.122515259496953e-16
3.986	6.113285481951689e-16
3.988	6.104074237897382e-16
3.99	6.094881480851926e-16
3.992	6.0857071644730675e-16
3.994	6.076551242557718e-16
3.996	6.067413669041743e-16
3.998	6.058294397999306e-16
4.	6.049193383642365e-16
4.002	6.040110580320285e-16
4.004	6.03104594251933e-16
4.006	6.021999405177e-16
4.008	6.012970942253452e-16
4.01	6.003960509196766e-16
4.012	5.994968061035729e-16
4.014	5.985993552933633e-16
4.016	5.97703694018782e-16
4.018	5.968098178229104e-16
4.02	5.959177222621572e-16
4.021999999999999	5.950274029061835e-16
4.024	5.941388553378708e-16
4.026	5.932520751532765e-16
4.028	5.923670579615848e-16
4.029999999999999	5.914837993850544e-16
4.032	5.906022950589864e-16
4.034	5.897225406316684e-16
4.036	5.888445317643343e-16
4.037999999999999	5.879682641311213e-16
4.04	5.87093733419017e-16
4.042	5.862209353278219e-16
4.044	5.853498655701007e-16
4.045999999999999	5.844805198711525e-16
4.048	5.836128939689346e-16
4.05	5.827469836140536e-16
4.052	5.818827845697055e-16
4.053999999999999	5.8102029261163e-16
4.056	5.801595035280763e-16
4.058	5.793004131197451e-16
4.06	5.784430171997627e-16
4.061999999999999	5.775873115936277e-16
4.064	5.767332921391732e-16
4.066	5.758809546865254e-16
4.068	5.750302950980472e-16
4.069999999999999	5.741813092483161e-16
4.072	5.733339930240682e-16
4.074	5.724883424790135e-16
4.076	5.716443547816636e-16
4.077999999999999	5.708020244371926e-16
4.08	5.69961347380594e-16
4.082	5.691223195588227e-16
4.084	5.682849369307459e-16
4.085999999999999	5.674491954670958e-16
4.088	5.666150911504508e-16
4.09	5.65782619975179e-16
4.092	5.649517779473958e-16
4.093999999999999	5.641225610849364e-16
4.096	5.63294965417297e-16
4.098	5.624689869856242e-16
4.1	5.616446218426441e-16
4.101999999999999	5.608218660526403e-16
4.104	5.600007156914029e-16
4.106	5.5918116684621085e-16
4.108	5.583632156157701e-16
4.109999999999999	5.575468581101754e-16
4.112	5.567320904508963e-16
4.114	5.559189087707087e-16
4.116	5.55107309213672e-16
4.117999999999999	5.54297287935089e-16
4.119999999999999	5.534888411014643e-16
4.122	5.526819648904713e-16
4.124	5.518766554909115e-16
4.1259999999999994	5.510729091026699e-16
4.127999999999999	5.5027072193669e-16
4.13	5.494700902149303e-16
4.132	5.48671010170327e-16
4.1339999999999995	5.478734780467507e-16
4.135999999999999	5.470774900989859e-16
4.138	5.462830425926718e-16
4.14	5.454901318042859e-16
4.1419999999999995	5.446987540211007e-16
4.143999999999999	5.439089055411366e-16
4.146	5.431205802698546e-16
4.148	5.423337754492866e-16
4.1499999999999995	5.41548488903316e-16
4.151999999999999	5.407647169725859e-16
4.154	5.399824560083243e-16
4.156	5.392017023722932e-16
4.1579999999999995	5.384224524367668e-16
4.159999999999999	5.376447025844805e-16
4.162	5.368684492086131e-16
4.164	5.360936887127329e-16
4.1659999999999995	5.353204175107831e-16
4.167999999999999	5.345486320270325e-16
4.17	5.337783286960499e-16
4.172	5.330095039626508e-16
4.1739999999999995	5.322421542818949e-16
4.175999999999999	5.314762761190186e-16
4.178	5.307118659494278e-16
4.18	5.299489202586465e-16
4.1819999999999995	5.291874355422875e-16
4.183999999999999	5.284274083060231e-16
4.186	5.276688350655415e-16
4.188	5.269117123465326e-16
4.1899999999999995	5.261560366846261e-16
4.191999999999999	5.254018046253886e-16
4.194	5.246490127242617e-16
4.196	5.238976575465561e-16
4.1979999999999995	5.231477356673938e-16
4.199999999999999	5.223992436716982e-16
4.202	5.216521781541437e-16
4.204	5.209065357191322e-16
4.2059999999999995	5.201623129807573e-16
4.207999999999999	5.194195065627771e-16
4.21	5.186781130985751e-16
4.212	5.179381292311258e-16
4.2139999999999995	5.171995516129822e-16
4.215999999999999	5.16462376906215e-16
4.218	5.15726603553829e-16
4.22	5.149922281085499e-16
4.2219999999999995	5.142592456064266e-16
4.223999999999999	5.135276527473891e-16
4.226	5.127974462407436e-16
4.228	5.120686228051388e-16
4.2299999999999995	5.113411791685359e-16
4.231999999999999	5.106151120681895e-16
4.234	5.098904182505886e-16
4.236	5.0916709447146e-16
4.2379999999999995	5.084451374957161e-16
4.239999999999999	5.07724544097426e-16
4.242	5.070053110597901e-16
4.244	5.062874351751171e-16
4.2459999999999996	5.055709132447775e-16
4.247999999999999	5.048557420791884e-16
4.25	5.041419184977673e-16
4.252	5.034294393289244e-16
4.254	5.027183014100122e-16
4.255999999999999	5.020085015873185e-16
4.258	5.013000367160024e-16
4.26	5.005929036601084e-16
4.262	4.998870992925025e-16
4.263999999999999	4.991826204948548e-16
4.266	4.984794641576187e-16
4.268	4.977776271799918e-16
4.27	4.970771064698917e-16
4.271999999999999	4.963778989439217e-16
4.274	4.956800015273565e-16
4.276	4.949834111540903e-16
4.278	4.942881247666343e-16
4.279999999999999	4.935941393160744e-16
4.282	4.92901451762038e-16
4.284	4.922100590726836e-16
4.286	4.91519958224653e-16
4.287999999999999	4.908311462030655e-16
4.29	4.901436200014659e-16
4.292	4.894573765383316e-16
4.294	4.887724128854817e-16
4.295999999999999	4.880887260839651e-16
4.298	4.874063131608089e-16
4.3	4.867251711513402e-16
4.302	4.86045297099157e-16
4.303999999999999	4.853666880561119e-16
4.306	4.84689341082269e-16
4.308	4.840132532458914e-16
4.31	4.833384216234057e-16
4.311999999999999	4.826648432993824e-16
4.314	4.81992515366507e-16
4.316	4.813214349255442e-16
4.318	4.806515990853331e-16
4.319999999999999	4.799830049627377e-16
4.322	4.793156496826316e-16
4.324	4.7864953037788e-16
4.326	4.779846441892978e-16
4.327999999999999	4.773209882656372e-16
4.33	4.766585597635503e-16
4.332	4.759973558475702e-16
4.334	4.753373736900937e-16
4.335999999999999	4.746786104713426e-16
4.338	4.740210633793328e-16
4.34	4.733647296098762e-16
4.342	4.727096063665304e-16
4.343999999999999	4.720556908605798e-16
4.346	4.714029803110162e-16
4.348	4.707514719445134e-16
4.35	4.701011629953939e-16
4.351999999999999	4.69452050705615e-16
4.354	4.68804132324741e-16
4.356	4.68157405109907e-16
4.358	4.675118663258177e-16
4.359999999999999	4.668675132447041e-16
4.362	4.662243431463039e-16
4.364	4.655823533178405e-16
4.366	4.649415420876104e-16
4.367999999999999	4.643019071409847e-16
4.37	4.636634443627701e-16
4.372	4.630261510699123e-16
4.374	4.623900245867238e-16
4.3759999999999994	4.617550622448514e-16
4.377999999999999	4.611212613832698e-16
4.38	4.604886193482359e-16
4.382	4.598571334932887e-16
4.3839999999999995	4.592268011792075e-16
4.385999999999999	4.585976197740058e-16
4.388	4.579695866528856e-16
4.39	4.573426991982353e-16
4.3919999999999995	4.567169547996035e-16
4.393999999999999	4.560923508536611e-16
4.396	4.554688847641953e-16
4.398	4.548465539420842e-16
4.3999999999999995	4.542253558052654e-16
4.401999999999999	4.536052877787205e-16
4.404	4.529863472944468e-16
4.406	4.523685317914553e-16
4.4079999999999995	4.5175183871570995e-16
4.409999999999999	4.511362655201485e-16
4.412	4.505218096646253e-16
4.414	4.499084686159125e-16
4.4159999999999995	4.492962398476724e-16
4.417999999999999	4.486851208404203e-16
4.42	4.480751090815286e-16
4.422	4.47466202065184e-16
4.4239999999999995	4.468583972923754e-16
4.425999999999999	4.462516922708766e-16
4.428	4.456460845152097e-16
4.43	4.450415715466397e-16
4.4319999999999995	4.444381508931447e-16
4.433999999999999	4.438358200893983e-16
4.436	4.432345766767397e-16
4.438	4.42634418203169e-16
4.4399999999999995	4.4203534222331407e-16
4.441999999999999	4.4143734529823297e-16
4.444	4.4084042451169974e-16
4.446	4.4024457893017375e-16
4.4479999999999995	4.396498061345694e-16
4.449999999999999	4.3905610371233124e-16
4.452	4.3846346925740795e-16
4.454	4.378719003702386e-16
4.4559999999999995	4.372813946577266e-16
4.457999999999999	4.3669194973321695e-16
4.46	4.3610356321648265e-16
4.462	4.3551623273370213e-16
4.4639999999999995	4.3492995591743656e-16
4.465999999999999	4.343447304066104e-16
4.468	4.337605538465013e-16
4.47	4.331774238887022e-16
4.4719999999999995	4.325953381911146e-16
4.473999999999999	4.3201429441792617e-16
4.476	4.314342902395854e-16
4.478	4.3085532333279806e-16
4.4799999999999995	4.302773913804868e-16
4.481999999999999	4.2970049207178128e-16
4.484	4.291246231020055e-16
4.486	4.2854978217264385e-16
4.4879999999999995	4.2797596699133755e-16
4.489999999999999	4.274031752718509e-16
4.492	4.2683140473406766e-16
4.494	4.2626065310395174e-16
4.4959999999999996	4.2569091811354643e-16
4.497999999999999	4.251221975009535e-16
4.5	4.2455448901030235e-16
4.502	4.2398779039174114e-16
4.504	4.2342209940141846e-16
4.505999999999999	4.228574138014533e-16
4.508	4.2229373135993494e-16
4.51	4.217310498508899e-16
4.512	4.211693670542702e-16
4.513999999999999	4.2060868075592925e-16
4.516	4.200489887476074e-16
4.518	4.194902888269199e-16
4.52	4.189325787713884e-16
4.521999999999999	4.1837585640626734e-16
4.524	4.1782011955675053e-16
4.526	4.172653660437439e-16
4.528	4.167115936939259e-16
4.529999999999999	4.1615880033973884e-16
4.532	4.156069838193657e-16
4.534	4.1505614197671887e-16
4.536	4.145062726614113e-16
4.537999999999999	4.139573737287478e-16
4.54	4.1340944303971146e-16
4.542	4.128624784609286e-16
4.544	4.123164778646697e-16
4.545999999999999	4.117714391288236e-16
4.548	4.1122736013688084e-16
4.55	4.1068423877791954e-16
4.552	4.1014207294658325e-16
4.553999999999999	4.096008605430668e-16
4.556	4.090605994730972e-16
4.558	4.0852128764791985e-16
4.56	4.07982922984282e-16
4.561999999999999	4.074455034044107e-16
4.564	4.0690902683599923e-16
4.566	4.063734912121909e-16
4.568	4.0583889447156274e-16
4.569999999999999	4.0530523455810654e-16
4.572	4.0477250942121543e-16
4.574	4.042407170156623e-16
4.576	4.0370985530158353e-16
4.577999999999999	4.0317992224447764e-16
4.58	4.026509158151606e-16
4.582	4.021228339897815e-16
4.584	4.0159567474977524e-16
4.585999999999999	4.010694360818755e-16
4.588	4.005441159780733e-16
4.59	4.000197124356213e-16
4.592	3.994962234570013e-16
4.593999999999999	3.9897364704992e-16
4.596	3.9845198122728774e-16
4.598	3.979312238410584e-16
4.6	3.974113727926113e-16
4.601999999999999	3.9689242639980294e-16
4.604	3.9637438269619574e-16
4.606	3.9585723972048227e-16
4.608	3.9534099551647024e-16
4.609999999999999	3.948256481330586e-16
4.612	3.9431119562422004e-16
4.614	3.9379763604900553e-16
4.616	3.932849674714984e-16
4.617999999999999	3.9277318796082783e-16
4.62	3.922622955911313e-16
4.622	3.917522884415595e-16
4.624	3.9124316459624215e-16
4.6259999999999994	3.9073492214428713e-16
4.628	3.902275591797576e-16
4.63	3.897210738016546e-16
4.632	3.8921546411391926e-16
4.6339999999999995	3.8871072822539323e-16
4.635999999999999	3.882068642498184e-16
4.638	3.8770387030582763e-16
4.64	3.872017445169115e-16
4.6419999999999995	3.86700485011423e-16
4.643999999999999	3.8620008992255e-16
4.646	3.8570055738830325e-16
4.648	3.8520188555150817e-16
4.6499999999999995	3.8470407255977966e-16
4.651999999999999	3.842071165655191e-16
4.654	3.83711015725892e-16
4.656	3.83215768202817e-16
4.6579999999999995	3.8272137216294906e-16
4.659999999999999	3.822278257776659e-16
4.662	3.8173512722306205e-16
4.664	3.81243274679919e-16
4.6659999999999995	3.8075226633370234e-16
4.667999999999999	3.802621003745455e-16
4.67	3.797727749972358e-16
4.672	3.7928428840120134e-16
4.6739999999999995	3.7879663879048905e-16
4.675999999999999	3.783098243737623e-16
4.678	3.7782384326211935e-16
4.68	3.7733869356331116e-16
4.6819999999999995	3.7685437371295095e-16
4.683999999999999	3.763708819380094e-16
4.686	3.7588821646999615e-16
4.688	3.754063755449545e-16
4.6899999999999995	3.749253574034378e-16
4.691999999999999	3.744451602905096e-16
4.694	3.7396578245571987e-16
4.696	3.7348722215308677e-16
4.6979999999999995	3.730094776411023e-16
4.699999999999999	3.7253254718269795e-16
4.702	3.7205642904524547e-16
4.704	3.7158112150054095e-16
4.7059999999999995	3.711066228247844e-16
4.707999999999999	3.706329312985774e-16
4.71	3.7016004520690005e-16
4.712	3.6968796283910593e-16
4.7139999999999995	3.692166824889071e-16
4.715999999999999	3.6874620245435086e-16
4.718	3.682765210378284e-16
4.72	3.6780763654604104e-16
4.7219999999999995	3.6733954728999606e-16
4.723999999999999	3.66872251584999e-16
4.726	3.664057477506288e-16
4.728	3.6594003411073804e-16
4.7299999999999995	3.6547510899342805e-16
4.731999999999999	3.6501097073104934e-16
4.734	3.6454761766017403e-16
4.736	3.6408504812159914e-16
4.7379999999999995	3.636232604603216e-16
4.739999999999999	3.631622530255314e-16
4.742	3.6270202417059937e-16
4.744	3.622425722530654e-16
4.7459999999999996	3.617838956346187e-16
4.747999999999999	3.613259926811012e-16
4.75	3.6086886176247525e-16
4.752	3.604125012528273e-16
4.754	3.599569095303532e-16
4.755999999999999	3.5950208497733395e-16
4.758	3.590480259801445e-16
4.76	3.585947312357394e-16
4.762	3.5814219904739103e-16
4.763999999999999	3.576904275968133e-16
4.766	3.5723941528659304e-16
4.768	3.5678916052333233e-16
4.77	3.563396617176476e-16
4.771999999999999	3.558909172841552e-16
4.774	3.554429256414604e-16
4.776	3.549956852121382e-16
4.778	3.5454919442273216e-16
4.779999999999999	3.5410345170373814e-16
4.782	3.5365845548959034e-16
4.784	3.5321420421865547e-16
4.786	3.527706963332162e-16
4.787999999999999	3.523279302794601e-16
4.79	3.518859045074739e-16
4.792	3.5144461747122187e-16
4.794	3.510040676285452e-16
4.795999999999999	3.5056425344114586e-16
4.798	3.501251733745706e-16
4.8	3.4968682589821034e-16
4.802	3.4924920948528123e-16
4.803999999999999	3.48812322612812e-16
4.806	3.483761637616425e-16
4.808	3.47940731416401e-16
4.81	3.475060240655005e-16
4.811999999999999	3.4707204020112834e-16
4.814	3.466387783192254e-16
4.816	3.462062369194906e-16
4.818	3.457744145053576e-16
4.819999999999999	3.453433095839869e-16
4.822	3.4491292066626047e-16
4.824	3.444832462667634e-16
4.826	3.4405428490377865e-16
4.827999999999999	3.4362603509927183e-16
4.83	3.4319849537888063e-16
4.832	3.427716642719143e-16
4.834	3.423455403113287e-16
4.835999999999999	3.4192012203372564e-16
4.838	3.414954079793333e-16
4.84	3.4107139669200526e-16
4.842	3.406480867718215e-16
4.843999999999999	3.4022547704480234e-16
4.846	3.3980356573693144e-16
4.848	3.393823514064469e-16
4.85	3.389618326151572e-16
4.851999999999999	3.385420079284259e-16
4.854	3.381228759151693e-16
4.856	3.377044351478368e-16
4.858	3.3728668420241534e-16
4.859999999999999	3.3686962165840015e-16
4.862	3.364532460987997e-16
4.864	3.360375561101207e-16
4.866	3.3562255028235373e-16
4.867999999999999	3.3520822720897304e-16
4.87	3.347945854869149e-16
4.872	3.3438162371657727e-16
4.874	3.339693405018057e-16
4.8759999999999994	3.3355773444988115e-16
4.878	3.33146804171515e-16
4.88	3.3273654828083744e-16
4.882	3.323269653953854e-16
4.8839999999999995	3.3191805413609296e-16
4.885999999999999	3.315098131272869e-16
4.888	3.311022409966722e-16
4.89	3.306953363753228e-16
4.8919999999999995	3.3028909789767243e-16
4.893999999999999	3.2988352420150716e-16
4.896	3.294786139279471e-16
4.898	3.290743657214533e-16
4.8999999999999995	3.2867077822980227e-16
4.901999999999999	3.2826785010408137e-16
4.904	3.278655799986888e-16
4.906	3.274639665713038e-16
4.9079999999999995	3.270630084829028e-16
4.909999999999999	3.266627043977249e-16
4.912	3.2626305298328133e-16
4.914	3.2586405291033955e-16
4.9159999999999995	3.254657028529094e-16
4.917999999999999	3.2506800148824126e-16
4.92	3.246709474968101e-16
4.922	3.242745395623157e-16
4.9239999999999995	3.2387877637166234e-16
4.925999999999999	3.234836566149591e-16
4.928	3.2308917857513176e-16
4.93	3.226953413467786e-16
4.9319999999999995	3.2230214364300856e-16
4.933999999999999	3.219095841666381e-16
4.936	3.215176616236374e-16
4.938	3.2112637472312443e-16
4.9399999999999995	3.207357221773539e-16
4.941999999999999	3.203457027017106e-16
4.944	3.199563150146966e-16
4.946	3.1956755783792694e-16
4.9479999999999995	3.1917942989612126e-16
4.949999999999999	3.187919299170862e-16
4.952	3.18405056631718e-16
4.954	3.1801880877398754e-16
4.9559999999999995	3.1763318508093394e-16
4.957999999999999	3.1724818429265393e-16
4.96	3.168638051522936e-16
4.962	3.164800464060397e-16
4.9639999999999995	3.160969068031163e-16
4.965999999999999	3.1571438509576693e-16
4.968	3.153324800392513e-16
4.97	3.149511903918411e-16
4.9719999999999995	3.1457051491479874e-16
4.973999999999999	3.141904523723843e-16
4.976	3.1381100153183454e-16
4.978	3.134321611633609e-16
4.9799999999999995	3.130539300401462e-16
4.981999999999999	3.126763069383185e-16
4.984	3.122992906369633e-16
4.986	3.1192287991810413e-16
4.9879999999999995	3.115470735666946e-16
4.989999999999999	3.1117187037061483e-16
4.992	3.1079726912065703e-16
4.994	3.1042326861052163e-16
4.9959999999999996	3.1004986763681195e-16
4.997999999999999	3.0967706499901715e-16
5.	3.093048594995134e-16
5.002	3.089332499435492e-16
5.004	3.0856223513924013e-16
5.005999999999999	3.0819181389756294e-16
5.008	3.078219850323412e-16
5.01	3.074527473602444e-16
5.012	3.0708409967907374e-16
5.013999999999999	3.0671604051506716e-16
5.016	3.0634856901211767e-16
5.018	3.059816839981852e-16
5.02	3.056153843040304e-16
5.021999999999999	3.0524966876320725e-16
5.024	3.0488453621206423e-16
5.026	3.045199854897256e-16
5.028	3.041560154380864e-16
5.029999999999999	3.0379262490181115e-16
5.032	3.03429812728318e-16
5.034	3.03067577767771e-16
5.036	3.027059188730838e-16
5.037999999999999	3.0234483489989667e-16
5.04	3.0198432470658046e-16
5.042	3.0162438715422235e-16
5.044	3.0126502110662085e-16
5.045999999999999	3.0090622543028056e-16
5.048	3.005479989944007e-16
5.05	3.0019034067086767e-16
5.052	2.9983324933425025e-16
5.053999999999999	2.9947672386178986e-16
5.056	2.9912076313340006e-16
5.058	2.9876536603164642e-16
5.06	2.9841053144174586e-16
5.061999999999999	2.9805625825156804e-16
5.064	2.97702545351609e-16
5.066	2.973493916350032e-16
5.068	2.9699679599749975e-16
5.069999999999999	2.966447573374699e-16
5.072	2.9629327455588953e-16
5.074	2.959423465563343e-16
5.076	2.9559197224497697e-16
5.077999999999999	2.952421505305718e-16
5.08	2.948928803244584e-16
5.082	2.9454416054054213e-16
5.084	2.941959900952975e-16
5.085999999999999	2.9384836790775543e-16
5.088	2.9350129289950224e-16
5.09	2.931547639946606e-16
5.092	2.928087801198952e-16
5.093999999999999	2.924633402043997e-16
5.096	2.9211844317988977e-16
5.098	2.917740879806009e-16
5.1	2.9143027365942894e-16
5.101999999999999	2.910869992046875e-16
5.104	2.907442633921165e-16
5.106	2.9040206516594805e-16
5.108	2.9006040347289466e-16
5.109999999999999	2.897192772621419e-16
5.112	2.8937868548534857e-16
5.114	2.890386270966274e-16
5.116	2.8869910105255334e-16
5.117999999999999	2.8836010631214207e-16
5.12	2.880216418368583e-16
5.122	2.876837065905949e-16
5.124	2.873462995396743e-16
5.1259999999999994	2.870094196528426e-16
5.128	2.866730659012583e-16
5.13	2.8633723725848884e-16