0.020000000000000004	0.000010100000000000002	371.0041003988524
0.020000000000000004	0.00002	371.0041003988524
0.020000000000000004	0.00004500000000000001	371.0041003988524
0.020000000000000004	0.00007500000000000001	371.0041003988524
0.020000000000000004	0.000145	371.0041003988524
0.020000000000000004	0.00035	371.0041003988524
0.020000000000000004	0.00065	371.00346013444414
0.020000000000000004	0.0009	371.00221289854994
0.020000000000000004	0.00125	371.00095385590515
0.020000000000000004	0.00175	370.99966427844697
0.020000000000000004	0.0022500000000000003	370.99870108326365
0.020000000000000004	0.00275	370.9979319885587
0.020000000000000004	0.0032500000000000003	370.98590484294954
0.020000000000000004	0.00375	370.9649997563794
0.020000000000000004	0.00425	370.9467160896287
0.020000000000000004	0.00475	370.93046915184226
0.020000000000000004	0.0052499999999999995	370.9158503809858
0.020000000000000004	0.00575	370.9025630148981
0.020000000000000004	0.00625	370.89038468936405
0.020000000000000004	0.00675	370.87914447662473
0.020000000000000004	0.0072499999999999995	370.86870815100633
0.020000000000000004	0.00775	366.53132691586615
0.020000000000000004	0.00825	358.4104363286499
0.020000000000000004	0.00875	350.93195463105815
0.020000000000000004	0.00925	344.01249422139387
0.020000000000000004	0.00975	337.58327925033853
0.020000000000000004	0.010833333333333334	325.07455862801146
0.020000000000000004	0.0125	308.8241548139106
0.020000000000000004	0.014166666666666668	295.278144507282
0.020000000000000004	0.01583333333333333	283.7399776854105
0.020000000000000004	0.0175	273.7435450249398
0.020000000000000004	0.019166666666666665	264.9630744781128
0.020000000000000004	0.020833333333333336	248.59451756958867
0.020000000000000004	0.0225	226.86560766316666
0.020000000000000004	0.02416666666666667	208.3942041374402
0.020000000000000004	0.025833333333333333	192.5144648407637
0.020000000000000004	0.0275	178.7285520784274
0.020000000000000004	0.029166666666666667	166.65710723062506
0.020000000000000004	0.030833333333333334	156.0062016910172
0.020000000000000004	0.0325	146.5447220359034
0.020000000000000004	0.034166666666666665	138.08854868779437
0.020000000000000004	0.035833333333333335	130.4892673568835
0.020000000000000004	0.0375	123.62597157200317
0.020000000000000004	0.03916666666666667	117.39921479683004
0.020000000000000004	0.04083333333333333	115.43120682396271
0.020000000000000004	0.042499999999999996	115.43120682396271
0.020000000000000004	0.04416666666666667	115.43120682396271
0.020000000000000004	0.04583333333333334	115.43120682396271
0.020000000000000004	0.0475	115.43120682396271
0.049999999999999996	0.000010100000000000002	399.761317587095
0.049999999999999996	0.00002	399.761317587095
0.049999999999999996	0.00004500000000000001	399.761317587095
0.049999999999999996	0.00007500000000000001	399.761317587095
0.049999999999999996	0.000145	399.761317587095
0.049999999999999996	0.00035	399.761317587095
0.049999999999999996	0.00065	399.761317587095
0.049999999999999996	0.0009	399.761317587095
0.049999999999999996	0.00125	399.761317587095
0.049999999999999996	0.00175	399.761317587095
0.049999999999999996	0.0022500000000000003	399.761317587095
0.049999999999999996	0.00275	399.761317587095
0.049999999999999996	0.0032500000000000003	398.0410505880725
0.049999999999999996	0.00375	394.9839736191595
0.049999999999999996	0.00425	392.32935670259144
0.049999999999999996	0.00475	389.9853194423741
0.049999999999999996	0.0052499999999999995	387.88807232043524
0.049999999999999996	0.00575	385.99154692590514
0.049999999999999996	0.00625	384.26140253461625
0.049999999999999996	0.00675	382.6713662141176
0.049999999999999996	0.0072499999999999995	381.20089557451234
0.049999999999999996	0.00775	374.16886473883386
0.049999999999999996	0.00825	362.3782000205605
0.049999999999999996	0.00875	351.62111195109355
0.049999999999999996	0.00925	341.75530915131884
0.049999999999999996	0.00975	332.6644671059869
0.049999999999999996	0.010833333333333334	315.1900200164649
0.049999999999999996	0.0125	292.91689006512905
0.049999999999999996	0.014166666666666668	274.7299573275194
0.049999999999999996	0.01583333333333333	259.5180443784914
0.049999999999999996	0.0175	246.55130705182165
0.049999999999999996	0.019166666666666665	235.32802504538793
0.049999999999999996	0.020833333333333336	220.97484185787823
0.049999999999999996	0.0225	204.48550902871773
0.049999999999999996	0.02416666666666667	190.2786687438565
0.049999999999999996	0.025833333333333333	177.91153287946383
0.049999999999999996	0.0275	167.04883540372984
0.049999999999999996	0.029166666666666667	157.43207182081227
0.049999999999999996	0.030833333333333334	148.8587255437307
0.049999999999999996	0.0325	141.1678929798281
0.049999999999999996	0.034166666666666665	134.23012044878996
0.049999999999999996	0.035833333333333335	127.94008039867228
0.049999999999999996	0.0375	122.21120277573206
0.049999999999999996	0.03916666666666667	116.9716786248493
0.049999999999999996	0.04083333333333333	115.30698441765689
0.049999999999999996	0.042499999999999996	115.30698441765689
0.049999999999999996	0.04416666666666667	115.30698441765689
0.049999999999999996	0.04583333333333334	115.30698441765689
0.049999999999999996	0.0475	115.30698441765689
0.07000000000000002	0.000010100000000000002	371.00405705241957
0.07000000000000002	0.00002	371.00405705241957
0.07000000000000002	0.00004500000000000001	371.00405705241957
0.07000000000000002	0.00007500000000000001	371.00405705241957
0.07000000000000002	0.000145	371.00405705241957
0.07000000000000002	0.00035	371.00405705241957
0.07000000000000002	0.00065	371.003994810092
0.07000000000000002	0.0009	371.00387356167903
0.07000000000000002	0.00125	371.0037511651152
0.07000000000000002	0.00175	371.0036257997512
0.07000000000000002	0.0022500000000000003	371.0035321631538
0.07000000000000002	0.00275	371.0034573957912
0.07000000000000002	0.0032500000000000003	365.3290481386783
0.07000000000000002	0.00375	355.3997706047516
0.07000000000000002	0.00425	346.9366279561833
0.07000000000000002	0.00475	339.58516676300314
0.07000000000000002	0.0052499999999999995	333.1033917744812
0.07000000000000002	0.00575	327.3191225986542
0.07000000000000002	0.00625	322.1057245087863
0.07000000000000002	0.00675	317.3674917444135
0.07000000000000002	0.0072499999999999995	313.03042923538237
0.07000000000000002	0.00775	307.4614647484857
0.07000000000000002	0.00825	300.83749111009865
0.07000000000000002	0.00875	294.7338055782869
0.07000000000000002	0.00925	289.0831399405802
0.07000000000000002	0.00975	283.829981240345
0.07000000000000002	0.010833333333333334	273.60134462440504
0.07000000000000002	0.0125	260.2965636100646
0.07000000000000002	0.014166666666666668	249.19105280868234
0.07000000000000002	0.01583333333333333	239.72044058924146
0.07000000000000002	0.0175	231.50660946474363
0.07000000000000002	0.019166666666666665	224.28500150065307
0.07000000000000002	0.020833333333333336	212.5964543277
0.07000000000000002	0.0225	197.6392340003392
0.07000000000000002	0.02416666666666667	184.69509788178914
0.07000000000000002	0.025833333333333333	173.38050665635478
0.07000000000000002	0.0275	163.40384290200552
0.07000000000000002	0.029166666666666667	154.53937996021352
0.07000000000000002	0.030833333333333334	146.60963273671024
0.07000000000000002	0.0325	139.47309959352168
0.07000000000000002	0.034166666666666665	133.01556566145203
0.07000000000000002	0.035833333333333335	127.14381516879915
0.07000000000000002	0.0375	121.78100796843496
0.07000000000000002	0.03916666666666667	116.86322765072057
0.07000000000000002	0.04083333333333333	115.29804792310921
0.07000000000000002	0.042499999999999996	115.29804792310921
0.07000000000000002	0.04416666666666667	115.29804792310921
0.07000000000000002	0.04583333333333334	115.29804792310921
0.07000000000000002	0.0475	115.29804792310921
0.07500000000000001	0.000010100000000000002	371.0041349952308
0.07500000000000001	0.00002	371.0041349952308
0.07500000000000001	0.00004500000000000001	371.0041349952308
0.07500000000000001	0.00007500000000000001	371.0041349952308
0.07500000000000001	0.000145	371.0041349952308
0.07500000000000001	0.00035	371.0041349952308
0.07500000000000001	0.00065	371.00407503894957
0.07500000000000001	0.0009	371.0039582437666
0.07500000000000001	0.00125	371.00384034260094
0.07500000000000001	0.00175	371.00371958167216
0.07500000000000001	0.0022500000000000003	371.00362938417044
0.07500000000000001	0.00275	371.0035573628723
0.07500000000000001	0.0032500000000000003	365.329101242501
0.07500000000000001	0.00375	355.39974137996813
0.07500000000000001	0.00425	346.93653036570873
0.07500000000000001	0.00475	339.58501116959854
0.07500000000000001	0.0052499999999999995	333.10318612951863
0.07500000000000001	0.00575	327.31887316725624
0.07500000000000001	0.00625	322.10543633540345
0.07500000000000001	0.00675	317.36716896439054
0.07500000000000001	0.0072499999999999995	313.03007529072204
0.07500000000000001	0.00775	307.46124893451446
0.07500000000000001	0.00825	300.8375568253583
0.07500000000000001	0.00875	294.73412525649854
0.07500000000000001	0.00925	289.08368997319525
0.07500000000000001	0.00975	283.8307412379204
0.07500000000000001	0.010833333333333334	273.6025015942561
0.07500000000000001	0.0125	260.2982126594415
0.07500000000000001	0.014166666666666668	249.1930906466761
0.07500000000000001	0.01583333333333333	239.72279348922348
0.07500000000000001	0.0175	231.5092228337925
0.07500000000000001	0.019166666666666665	224.287833713805
0.07500000000000001	0.020833333333333336	212.59893154730435
0.07500000000000001	0.0225	197.64094000085655
0.07500000000000001	0.02416666666666667	184.6961741934241
0.07500000000000001	0.025833333333333333	173.38106324733468
0.07500000000000001	0.0275	163.40396654108008
0.07500000000000001	0.029166666666666667	154.53914003568266
0.07500000000000001	0.030833333333333334	146.60908539670743
0.07500000000000001	0.0325	139.47229075009577
0.07500000000000001	0.034166666666666665	133.01453320841642
0.07500000000000001	0.035833333333333335	127.14259064469357
0.07500000000000001	0.0375	121.77961782090783
0.07500000000000001	0.03916666666666667	116.86169421002758
0.07500000000000001	0.04083333333333333	115.29647065720853
0.07500000000000001	0.042499999999999996	115.29647065720853
0.07500000000000001	0.04416666666666667	115.29647065720853
0.07500000000000001	0.04583333333333334	115.29647065720853
0.07500000000000001	0.0475	115.29647065720853
0.1	0.000010100000000000002	371.0042595600302
0.1	0.00002	371.0042595600302
0.1	0.00004500000000000001	371.0042595600302
0.1	0.00007500000000000001	371.0042595600302
0.1	0.000145	371.0042595600302
0.1	0.00035	371.0042595600302
0.1	0.00065	371.00413864779154
0.1	0.0009	371.00390311010824
0.1	0.00125	371.0036653420951
0.1	0.00175	371.0034218069572
0.1	0.0022500000000000003	371.003239908268
0.1	0.00275	371.00309466503353
0.1	0.0032500000000000003	370.98318420973584
0.1	0.00375	370.94770341379257
0.1	0.00425	370.91667292009424
0.1	0.00475	370.88909999689344
0.1	0.0052499999999999995	370.8642909800886
0.1	0.00575	370.84174203632057
0.1	0.00625	370.821075652735
0.1	0.00675	370.8020016483621
0.1	0.0072499999999999995	370.7842921557671
0.1	0.00775	366.42862999263565
0.1	0.00825	358.2804518837522
0.1	0.00875	350.7774422731435
0.1	0.00925	343.83581161010005
0.1	0.00975	337.38645777454553
0.1	0.010833333333333334	324.83985891814626
0.1	0.0125	308.54291258590405
0.1	0.014166666666666668	294.9605124895067
0.1	0.01583333333333333	283.39315568987837
0.1	0.0175	273.37283164244525
0.1	0.019166666666666665	264.5724859857489
0.1	0.020833333333333336	248.2164779786077
0.1	0.0225	226.52467435287292
0.1	0.02416666666666667	208.08449502197465
0.1	0.025833333333333333	192.2313435032342
0.1	0.0275	178.46830538491244
0.1	0.029166666666666667	166.41671984876794
0.1	0.030833333333333334	155.78319476656137
0.1	0.0325	146.33703544564975
0.1	0.034166666666666665	137.89445356434655
0.1	0.035833333333333335	130.30730006804583
0.1	0.0375	123.45488318074102
0.1	0.03916666666666667	117.23793187282736
0.1	0.04083333333333333	115.27300969299084
0.1	0.042499999999999996	115.27300969299084
0.1	0.04416666666666667	115.27300969299084
0.1	0.04583333333333334	115.27300969299084
0.1	0.0475	115.27300969299084
0.115	0.000010100000000000002	371.0042766829473
0.115	0.00002	371.0042766829473
0.115	0.00004500000000000001	371.0042766829473
0.115	0.00007500000000000001	371.0042766829473
0.115	0.000145	371.0042766829473
0.115	0.00035	371.0042766829473
0.115	0.00065	371.00412328288326
0.115	0.0009	371.0038244587829
0.115	0.00125	371.0035228051389
0.115	0.00175	371.00321383486175
0.115	0.0022500000000000003	371.00298306208543
0.115	0.00275	371.00279879368554
0.115	0.0032500000000000003	366.33564101938265
0.115	0.00375	358.1376342340944
0.115	0.00425	351.11779454188473
0.115	0.00475	344.9951974356259
0.115	0.0052499999999999995	339.57724860274396
0.115	0.00575	334.7264085531613
0.115	0.00625	330.3411822589047
0.115	0.00675	326.34463039296116
0.115	0.0072499999999999995	322.67710120312483
0.115	0.00775	318.7218751510291
0.115	0.00825	314.5133008437039
0.115	0.00875	310.60321244943617
0.115	0.00925	306.95510960193025
0.115	0.00975	303.5386343503897
0.115	0.010833333333333334	296.8147290408606
0.115	0.0125	287.92020629614547
0.115	0.014166666666666668	280.35940507046917
0.115	0.01583333333333333	273.8073127388738
0.115	0.0175	268.04257152010643
0.115	0.019166666666666665	262.9080240812216
0.115	0.020833333333333336	248.23927520551118
0.115	0.0225	226.60672269693444
0.115	0.02416666666666667	208.21211376790842
0.115	0.025833333333333333	192.39429884392104
0.115	0.0275	178.65881958874516
0.115	0.029166666666666667	166.6288005125484
0.115	0.030833333333333334	156.01217006289485
0.115	0.0325	146.57922545346648
0.115	0.034166666666666665	138.14693359446852
0.115	0.035833333333333335	130.5677274655824
0.115	0.0375	123.7213687356097
0.115	0.03916666666666667	117.50894309864341
0.115	0.04083333333333333	115.54525114940469
0.115	0.042499999999999996	115.54525114940469
0.115	0.04416666666666667	115.54525114940469
0.115	0.04583333333333334	115.54525114940469
0.115	0.0475	115.54525114940469
0.132	0.000010100000000000002	371.0042920940068
0.132	0.00002	371.0042920940068
0.132	0.00004500000000000001	371.0042920940068
0.132	0.00007500000000000001	371.0042920940068
0.132	0.000145	371.0042920940068
0.132	0.00035	371.0042920940068
0.132	0.00065	371.00410192711263
0.132	0.0009	371.00373148109526
0.132	0.00125	371.00335752742427
0.132	0.00175	371.0029745035522
0.132	0.0022500000000000003	371.0026884195068
0.132	0.00275	371.0024599859666
0.132	0.0032500000000000003	366.3352199574605
0.132	0.00375	358.13710443140735
0.132	0.00425	351.11717379799757
0.132	0.00475	344.9944990433381
0.132	0.0052499999999999995	339.57648281881603
0.132	0.00575	334.72558350030454
0.132	0.00625	330.34030450772894
0.132	0.00675	326.3437053531417
0.132	0.0072499999999999995	322.6761333953954
0.132	0.00775	318.7203381873238
0.132	0.00825	314.5107378510331
0.132	0.00875	310.59970882720637
0.132	0.00925	306.9507394833827
0.132	0.00975	303.53346259143876
0.132	0.010833333333333334	296.80800780746875
0.132	0.0125	287.91149411786705
0.132	0.014166666666666668	280.34905449752966
0.132	0.01583333333333333	273.7955835918797
0.132	0.0175	268.029661888732
0.132	0.019166666666666665	262.89408912808955
0.132	0.020833333333333336	248.24784731134528
0.132	0.0225	226.6529166521763
0.132	0.02416666666666667	208.28729721892057
0.132	0.025833333333333333	192.49200862669582
0.132	0.0275	178.77413917591554
0.132	0.029166666666666667	166.75793835207853
0.132	0.030833333333333334	156.1521672622672
0.132	0.0325	146.72774894992898
0.132	0.034166666666666665	138.30212714116618
0.132	0.035833333333333335	130.72810252816126
0.132	0.0375	123.88572344782753
0.132	0.03916666666666667	117.6763012720863
0.132	0.04083333333333333	115.71343338177542
0.132	0.042499999999999996	115.71343338177542
0.132	0.04416666666666667	115.71343338177542
0.132	0.04583333333333334	115.71343338177542
0.132	0.0475	115.71343338177542
0.15	0.000010100000000000002	390.84726338848543
0.15	0.00002	390.84726338848543
0.15	0.00004500000000000001	390.84726338848543
0.15	0.00007500000000000001	390.84726338848543
0.15	0.000145	390.84726338848543
0.15	0.00035	390.84726338848543
0.15	0.00065	390.84726338848543
0.15	0.0009	390.84726338848543
0.15	0.00125	390.84726338848543
0.15	0.00175	390.84726338848543
0.15	0.0022500000000000003	390.84726338848543
0.15	0.00275	390.84726338848543
0.15	0.0032500000000000003	384.1776372445201
0.15	0.00375	372.53599444883264
0.15	0.00425	362.6432168016387
0.15	0.00475	354.07271919178254
0.15	0.0052499999999999995	346.53405051066943
0.15	0.00575	339.8210529890787
0.15	0.00625	333.7824323521222
0.15	0.00675	328.30407266171903
0.15	0.0072499999999999995	323.2979054779676
0.15	0.00775	318.71883602025235
0.15	0.00825	314.50821905470207
0.15	0.00875	310.59625802154727
0.15	0.00925	306.9464301247629
0.15	0.00975	303.5283589434165
0.15	0.010833333333333334	296.80136889975785
0.15	0.0125	287.90288254245496
0.15	0.014166666666666668	280.33881957922836
0.15	0.01583333333333333	273.78398277251773
0.15	0.0175	268.0168914432136
0.15	0.019166666666666665	262.88030279671653
0.15	0.020833333333333336	248.24783769957207
0.15	0.0225	226.67625986862882
0.15	0.02416666666666667	208.32867651087602
0.15	0.025833333333333333	192.54743922275145
0.15	0.0275	178.84058666738767
0.15	0.029166666666666667	166.8330600776616
0.15	0.030833333333333334	156.23413292587352
0.15	0.0325	146.81511362869563
0.15	0.034166666666666665	138.3937397420278
0.15	0.035833333333333335	130.82303872571322
0.15	0.0375	123.9832358414792
0.15	0.03916666666666667	117.77578185558423
0.15	0.04083333333333333	115.81345989854611
0.15	0.042499999999999996	115.81345989854611
0.15	0.04416666666666667	115.81345989854611
0.15	0.04583333333333334	115.81345989854611
0.15	0.0475	115.81345989854611
0.20000000000000004	0.000010100000000000002	399.6434227807195
0.20000000000000004	0.00002	399.6434227807195
0.20000000000000004	0.00004500000000000001	399.6434227807195
0.20000000000000004	0.00007500000000000001	399.6434227807195
0.20000000000000004	0.000145	399.6434227807195
0.20000000000000004	0.00035	399.6434227807195
0.20000000000000004	0.00065	399.6434227807195
0.20000000000000004	0.0009	399.6434227807195
0.20000000000000004	0.00125	399.6434227807195
0.20000000000000004	0.00175	399.6434227807195
0.20000000000000004	0.0022500000000000003	399.6434227807195
0.20000000000000004	0.00275	399.6434227807195
0.20000000000000004	0.0032500000000000003	394.13460468190925
0.20000000000000004	0.00375	384.4744535522142
0.20000000000000004	0.00425	376.2195131281713
0.20000000000000004	0.00475	369.03265225302044
0.20000000000000004	0.0052499999999999995	362.68316860373926
0.20000000000000004	0.00575	357.0065782739941
0.20000000000000004	0.00625	351.88168236054815
0.20000000000000004	0.00675	347.2167283851779
0.20000000000000004	0.0072499999999999995	342.9406676522375
0.20000000000000004	0.00775	337.85253693946765
0.20000000000000004	0.00825	332.0606204865546
0.20000000000000004	0.00875	326.70033679882533
0.20000000000000004	0.00925	321.7174757752091
0.20000000000000004	0.00975	317.0671155628254
0.20000000000000004	0.010833333333333334	307.96086142120714
0.20000000000000004	0.0125	296.0101231763412
0.20000000000000004	0.014166666666666668	285.9382396251886
0.20000000000000004	0.01583333333333333	277.2758579269973
0.20000000000000004	0.0175	269.7057778513586
0.20000000000000004	0.019166666666666665	263.0043418713466
0.20000000000000004	0.020833333333333336	247.7285373949326
0.20000000000000004	0.0225	226.26703474816034
0.20000000000000004	0.02416666666666667	208.00801579137416
0.20000000000000004	0.025833333333333333	192.29890393435974
0.20000000000000004	0.0275	178.6514047925438
0.20000000000000004	0.029166666666666667	166.69316467087455
0.20000000000000004	0.030833333333333334	156.13548802694868
0.20000000000000004	0.0325	146.75123209258774
0.20000000000000004	0.034166666666666665	138.35933202985711
0.20000000000000004	0.035833333333333335	130.81375290919158
0.20000000000000004	0.0375	123.99546231058908
0.20000000000000004	0.03916666666666667	117.80650468692967
0.20000000000000004	0.04083333333333333	115.84981804787174
0.20000000000000004	0.042499999999999996	115.84981804787174
0.20000000000000004	0.04416666666666667	115.84981804787174
0.20000000000000004	0.04583333333333334	115.84981804787174
0.20000000000000004	0.0475	115.84981804787174
0.25	0.000010100000000000002	399.56422633688766
0.25	0.00002	399.56422633688766
0.25	0.00004500000000000001	399.56422633688766
0.25	0.00007500000000000001	399.56422633688766
0.25	0.000145	399.56422633688766
0.25	0.00035	399.56422633688766
0.25	0.00065	399.56422633688766
0.25	0.0009	399.56422633688766
0.25	0.00125	399.56422633688766
0.25	0.00175	399.56422633688766
0.25	0.0022500000000000003	399.56422633688766
0.25	0.00275	399.56422633688766
0.25	0.0032500000000000003	390.91280351767233
0.25	0.00375	375.90989086125154
0.25	0.00425	363.26041804183956
0.25	0.00475	352.377172977564
0.25	0.0052499999999999995	342.86315426037226
0.25	0.00575	334.4383431459169
0.25	0.00625	326.89840193749603
0.25	0.00675	320.08999900042306
0.25	0.0072499999999999995	313.89536037808585
0.25	0.00775	309.1570138434515
0.25	0.00825	305.6758768928518
0.25	0.00875	302.4354476421169
0.25	0.00925	299.40668414202275
0.25	0.00975	296.5653879536195
0.25	0.010833333333333334	290.959579635244
0.25	0.0125	283.5150723165955
0.25	0.014166666666666668	277.1600604769498
0.25	0.01583333333333333	271.6323471809271
0.25	0.0175	266.7526756306047
0.25	0.019166666666666665	262.3933470693468
0.25	0.020833333333333336	248.1364629709026
0.25	0.0225	226.60054232727995
0.25	0.02416666666666667	208.2812596037059
0.25	0.025833333333333333	192.52274134660843
0.25	0.0275	178.83430298896334
0.25	0.029166666666666667	166.841822816186
0.25	0.030833333333333334	156.2552742352849
0.25	0.0325	146.84649666853443
0.25	0.034166666666666665	138.43363612384547
0.25	0.035833333333333335	130.87003815228232
0.25	0.0375	124.03617850667187
0.25	0.03916666666666667	117.8337072038079
0.25	0.04083333333333333	115.87287561588484
0.25	0.042499999999999996	115.87287561588484
0.25	0.04416666666666667	115.87287561588484
0.25	0.04583333333333334	115.87287561588484
0.25	0.0475	115.87287561588484
0.29999999999999993	0.000010100000000000002	399.48481065347204
0.29999999999999993	0.00002	399.48481065347204
0.29999999999999993	0.00004500000000000001	399.48481065347204
0.29999999999999993	0.00007500000000000001	399.48481065347204
0.29999999999999993	0.000145	399.48481065347204
0.29999999999999993	0.00035	399.48481065347204
0.29999999999999993	0.00065	399.48481065347204
0.29999999999999993	0.0009	399.48481065347204
0.29999999999999993	0.00125	399.48481065347204
0.29999999999999993	0.00175	399.48481065347204
0.29999999999999993	0.0022500000000000003	399.48481065347204
0.29999999999999993	0.00275	399.48481065347204
0.29999999999999993	0.0032500000000000003	390.841936589337
0.29999999999999993	0.00375	375.8534847971252
0.29999999999999993	0.00425	363.2158340912721
0.29999999999999993	0.00475	352.34247970928516
0.29999999999999993	0.0052499999999999995	342.83688797382837
0.29999999999999993	0.00575	334.41936347531384
0.29999999999999993	0.00625	326.8858001424639
0.29999999999999993	0.00675	320.0830371968873
0.29999999999999993	0.0072499999999999995	313.8934298357092
0.29999999999999993	0.00775	309.16619499395597
0.29999999999999993	0.00825	305.7015351572857
0.29999999999999993	0.00875	302.47627388813686
0.29999999999999993	0.00925	299.46153796689987
0.29999999999999993	0.00975	296.63326834390136
0.29999999999999993	0.010833333333333334	291.0527792693199
0.29999999999999993	0.0125	283.6410980337376
0.29999999999999993	0.014166666666666668	277.3133715348245
0.29999999999999993	0.01583333333333333	271.80882692475194
0.29999999999999993	0.0175	266.9491623139351
0.29999999999999993	0.019166666666666665	262.6073473473296
0.29999999999999993	0.020833333333333336	248.33333954086982
0.29999999999999993	0.0225	226.7550848382299
0.29999999999999993	0.02416666666666667	208.40176368556965
0.29999999999999993	0.025833333333333333	192.61554408477213
0.29999999999999993	0.0275	178.90432587778676
0.29999999999999993	0.029166666666666667	166.89294340893264
0.29999999999999993	0.030833333333333334	156.29058652874858
0.29999999999999993	0.0325	146.86849730685293
0.29999999999999993	0.034166666666666665	138.44435999374684
0.29999999999999993	0.035833333333333335	130.87115873760882
0.29999999999999993	0.0375	124.02908324989296
0.29999999999999993	0.03916666666666667	117.81955484767354
0.29999999999999993	0.04083333333333333	115.85657466136699
0.29999999999999993	0.042499999999999996	115.85657466136699
0.29999999999999993	0.04416666666666667	115.85657466136699
0.29999999999999993	0.04583333333333334	115.85657466136699
0.29999999999999993	0.0475	115.85657466136699
0.4	0.000010100000000000002	394.1865357929908
0.4	0.00002	394.1865357929908
0.4	0.00004500000000000001	394.1865357929908
0.4	0.00007500000000000001	394.1865357929908
0.4	0.000145	394.1865357929908
0.4	0.00035	394.1865357929908
0.4	0.00065	394.1865357929908
0.4	0.0009	394.1865357929908
0.4	0.00125	394.1865357929908
0.4	0.00175	394.1865357929908
0.4	0.0022500000000000003	394.1865357929908
0.4	0.00275	394.1865357929908
0.4	0.0032500000000000003	392.40943425480987
0.4	0.00375	389.25226287790485
0.4	0.00425	386.51167499219406
0.4	0.00475	384.0924609410067
0.4	0.0052499999999999995	381.92854035193733
0.4	0.00575	379.97220357087673
0.4	0.00625	378.18789530804924
0.4	0.00675	376.5484195805761
0.4	0.0072499999999999995	375.03251670958866
0.4	0.00775	369.8201804302727
0.4	0.00825	361.39805284922494
0.4	0.00875	353.64691857311266
0.4	0.00925	346.47933142458123
0.4	0.00975	339.82321005655996
0.4	0.010833333333333334	326.88331914337164
0.4	0.0125	310.0938104135603
0.4	0.014166666666666668	296.1173883118782
0.4	0.01583333333333333	284.2268276390989
0.4	0.0175	273.93608710580605
0.4	0.019166666666666665	264.90583328843417
0.4	0.020833333333333336	248.46950142261937
0.4	0.0225	226.81268445062545
0.4	0.02416666666666667	208.39777223828602
0.4	0.025833333333333333	192.5627617295038
0.4	0.0275	178.81256460389608
0.4	0.029166666666666667	166.769831118419
0.4	0.030833333333333334	156.14212648763882
0.4	0.0325	146.69946544539843
0.4	0.034166666666666665	138.25859221607894
0.4	0.035833333333333335	130.6717620785078
0.4	0.0375	123.81859333164735
0.4	0.03916666666666667	117.6000548406561
0.4	0.04083333333333333	115.6344444039958
0.4	0.042499999999999996	115.6344444039958
0.4	0.04416666666666667	115.6344444039958
0.4	0.04583333333333334	115.6344444039958
0.4	0.0475	115.6344444039958
0.5	0.000010100000000000002	396.8849126330227
0.5	0.00002	396.8849126330227
0.5	0.00004500000000000001	396.8849126330227
0.5	0.00007500000000000001	396.8849126330227
0.5	0.000145	396.8849126330227
0.5	0.00035	396.8849126330227
0.5	0.00065	396.8849126330227
0.5	0.0009	396.8849126330227
0.5	0.00125	396.8849126330227
0.5	0.00175	396.8849126330227
0.5	0.0022500000000000003	396.8849126330227
0.5	0.00275	396.8849126330227
0.5	0.0032500000000000003	394.5298167341414
0.5	0.00375	390.35413371852263
0.5	0.00425	386.73812154391356
0.5	0.00475	383.55288840091845
0.5	0.0052499999999999995	380.70917006663115
0.5	0.00575	378.14264221585665
0.5	0.00625	375.80545068053084
0.5	0.00675	373.6610499199378
0.5	0.0072499999999999995	371.68091289534465
0.5	0.00775	366.39795416261273
0.5	0.00825	358.2498703856238
0.5	0.00875	350.7469595885111
0.5	0.00925	343.805430768781
0.5	0.00975	337.35618071337166
0.5	0.010833333333333334	324.80980968133315
0.5	0.0125	308.5132122839215
0.5	0.014166666666666668	294.9311508625456
0.5	0.01583333333333333	283.3641184021122
0.5	0.0175	273.3441031178192
0.5	0.019166666666666665	264.5440507057998
0.5	0.020833333333333336	248.27343787559164
0.5	0.0225	226.72110411922156
0.5	0.02416666666666667	208.38821296657966
0.5	0.025833333333333333	192.6182712931985
0.5	0.0275	178.92013981875084
0.5	0.029166666666666667	166.91935646231286
0.5	0.030833333333333334	156.32563537562973
0.5	0.0325	146.9106154389486
0.5	0.034166666666666665	138.49228538901616
0.5	0.035833333333333335	130.92386591159217
0.5	0.0375	124.08573251560559
0.5	0.03916666666666667	117.87945392614114
0.5	0.04083333333333333	115.91743347956078
0.5	0.042499999999999996	115.91743347956078
0.5	0.04416666666666667	115.91743347956078
0.5	0.04583333333333334	115.91743347956078
0.5	0.0475	115.91743347956078
0.5415300000000001	0.000010100000000000002	399.084887469385
0.5415300000000001	0.00002	399.084887469385
0.5415300000000001	0.00004500000000000001	399.084887469385
0.5415300000000001	0.00007500000000000001	399.084887469385
0.5415300000000001	0.000145	399.084887469385
0.5415300000000001	0.00035	399.084887469385
0.5415300000000001	0.00065	399.084887469385
0.5415300000000001	0.0009	399.084887469385
0.5415300000000001	0.00125	399.084887469385
0.5415300000000001	0.00175	399.084887469385
0.5415300000000001	0.0022500000000000003	399.084887469385
0.5415300000000001	0.00275	399.084887469385
0.5415300000000001	0.0032500000000000003	391.5622770712329
0.5415300000000001	0.00375	378.46492324108493
0.5415300000000001	0.00425	367.3689926687222
0.5415300000000001	0.00475	357.78193843421843
0.5415300000000001	0.0052499999999999995	349.3693175345206
0.5415300000000001	0.00575	341.89432680989376
0.5415300000000001	0.00625	335.1835643182233
0.5415300000000001	0.00675	329.1065009899995
0.5415300000000001	0.0072499999999999995	323.5625867935013
0.5415300000000001	0.00775	318.72199649929104
0.5415300000000001	0.00825	314.4882263425583
0.5415300000000001	0.00875	310.55503493329877
0.5415300000000001	0.00925	306.88564603049804
0.5415300000000001	0.00975	303.4494744876427
0.5415300000000001	0.010833333333333334	296.6874884994141
0.5415300000000001	0.0125	287.74401365639494
0.5415300000000001	0.014166666666666668	280.1429079511567
0.5415300000000001	0.01583333333333333	273.55688626993305
0.5415300000000001	0.0175	267.7630776347056
0.5415300000000001	0.019166666666666665	262.6032722020034
0.5415300000000001	0.020833333333333336	248.00257871494003
0.5415300000000001	0.0225	226.50182438454542
0.5415300000000001	0.02416666666666667	208.21061996970707
0.5415300000000001	0.025833333333333333	192.47478547733706
0.5415300000000001	0.0275	178.80485715393363
0.5415300000000001	0.029166666666666667	166.82761123456913
0.5415300000000001	0.030833333333333334	156.25369333316974
0.5415300000000001	0.0325	146.8554539771826
0.5415300000000001	0.034166666666666665	138.4514332036567
0.5415300000000001	0.035833333333333335	130.89528412195529
0.5415300000000001	0.0375	124.06772524132877
0.5415300000000001	0.03916666666666667	117.87060013008261
0.5415300000000001	0.04083333333333333	115.91138186715811
0.5415300000000001	0.042499999999999996	115.91138186715811
0.5415300000000001	0.04416666666666667	115.91138186715811
0.5415300000000001	0.04583333333333334	115.91138186715811
0.5415300000000001	0.0475	115.91138186715811
0.6	0.000010100000000000002	399.8098715139203
0.6	0.00002	399.8098715139203
0.6	0.00004500000000000001	399.8098715139203
0.6	0.00007500000000000001	399.8098715139203
0.6	0.000145	399.8098715139203
0.6	0.00035	399.8098715139203
0.6	0.00065	399.8098715139203
0.6	0.0009	399.8098715139203
0.6	0.00125	399.8098715139203
0.6	0.00175	399.8098715139203
0.6	0.0022500000000000003	399.8098715139203
0.6	0.00275	399.8098715139203
0.6	0.0032500000000000003	392.2113624834742
0.6	0.00375	378.9847823166638
0.6	0.00425	367.78235360771095
0.6	0.00475	358.10555198256714
0.6	0.0052499999999999995	349.6159568498709
0.6	0.00575	342.07399981664236
0.6	0.00625	335.30428778116305
0.6	0.00675	329.1748159178747
0.6	0.0072499999999999995	323.5839137095364
0.6	0.00775	319.86093064608303
0.6	0.00825	317.766711476586
0.6	0.00875	315.8082812397251
0.6	0.00925	313.96979389810525
0.6	0.00975	312.2379882883789
0.6	0.010833333333333334	308.8006113931711
0.6	0.0125	304.1924816201722
0.6	0.014166666666666668	300.2183927216109
0.6	0.01583333333333333	296.7304274110376
0.6	0.0175	293.6265247596818
0.6	0.019166666666666665	290.83338151620086
0.6	0.020833333333333336	274.1904870675643
0.6	0.0225	247.43757507372294
0.6	0.02416666666666667	224.93990160537726
0.6	0.025833333333333333	205.792438688038
0.6	0.0275	189.32535092198754
0.6	0.029166666666666667	175.03303424316184
0.6	0.030833333333333334	162.5272156886386
0.6	0.0325	151.50514833066842
0.6	0.034166666666666665	141.7275482208596
0.6	0.035833333333333335	133.00297778972381
0.6	0.0375	125.1765910636452
0.6	0.03916666666666667	118.12188971746832
0.6	0.04083333333333333	115.90160446836005
0.6	0.042499999999999996	115.90160446836005
0.6	0.04416666666666667	115.90160446836005
0.6	0.04583333333333334	115.90160446836005
0.6	0.0475	115.90160446836005
0.7	0.000010100000000000002	399.693331096599
0.7	0.00002	399.693331096599
0.7	0.00004500000000000001	399.693331096599
0.7	0.00007500000000000001	399.693331096599
0.7	0.000145	399.693331096599
0.7	0.00035	399.693331096599
0.7	0.00065	399.693331096599
0.7	0.0009	399.693331096599
0.7	0.00125	399.693331096599
0.7	0.00175	399.693331096599
0.7	0.0022500000000000003	399.693331096599
0.7	0.00275	399.693331096599
0.7	0.0032500000000000003	397.0855797126621
0.7	0.00375	392.4657524060772
0.7	0.00425	388.4691070659299
0.7	0.00475	384.9516737721764
0.7	0.0052499999999999995	381.81383530669825
0.7	0.00575	378.98386417957335
0.7	0.00625	376.40843699390985
0.7	0.00675	374.04685809285746
0.7	0.0072499999999999995	371.86737999132214
0.7	0.00775	366.4354075268714
0.7	0.00825	358.18560097218506
0.7	0.00875	350.59109854016714
0.7	0.00925	343.5666418452034
0.7	0.00975	337.0419357267154
0.7	0.010833333333333334	324.3532744662194
0.7	0.0125	307.8810545812642
0.7	0.014166666666666668	294.16092558167685
0.7	0.01583333333333333	282.4825338774726
0.7	0.0175	272.370869789237
0.7	0.019166666666666665	263.4941497554098
0.7	0.020833333333333336	247.29503356742222
0.7	0.0225	225.92119479685445
0.7	0.02416666666666667	207.73286444087736
0.7	0.025833333333333333	192.0814507417812
0.7	0.0275	178.48154338479523
0.7	0.029166666666666667	166.56291841108052
0.7	0.030833333333333334	156.03848092173263
0.7	0.0325	146.68231001590755
0.7	0.034166666666666665	138.3142865963707
0.7	0.035833333333333335	130.78911689385527
0.7	0.0375	123.98835585638408
0.7	0.03916666666666667	117.814518163953
0.7	0.04083333333333333	115.8624485370573
0.7	0.042499999999999996	115.8624485370573
0.7	0.04416666666666667	115.8624485370573
0.7	0.04583333333333334	115.8624485370573
0.7	0.0475	115.8624485370573
0.8	0.000010100000000000002	399.32417229508553
0.8	0.00002	399.32417229508553
0.8	0.00004500000000000001	399.32417229508553
0.8	0.00007500000000000001	399.32417229508553
0.8	0.000145	399.32417229508553
0.8	0.00035	399.32417229508553
0.8	0.00065	399.32417229508553
0.8	0.0009	399.32417229508553
0.8	0.00125	399.32417229508553
0.8	0.00175	399.32417229508553
0.8	0.0022500000000000003	399.32417229508553
0.8	0.00275	399.32417229508553
0.8	0.0032500000000000003	391.77783019310425
0.8	0.00375	378.64005413999706
0.8	0.00425	367.5107939780056
0.8	0.00475	357.89563944419064
0.8	0.0052499999999999995	349.458907198929
0.8	0.00575	341.96293153593274
0.8	0.00625	335.23368924638146
0.8	0.00675	329.1401906865111
0.8	0.0072499999999999995	323.5815360425532
0.8	0.00775	319.52386224199734
0.8	0.00825	316.7707472009095
0.8	0.00875	314.2013485976807
0.8	0.00925	311.7939083805504
0.8	0.00975	309.53025264525513
0.8	0.010833333333333334	305.04904064172655
0.8	0.0125	299.0663673821109
0.8	0.014166666666666668	293.9298953144307
0.8	0.01583333333333333	289.4394716974234
0.8	0.0175	285.45754928051025
0.8	0.019166666666666665	281.8856911020992
0.8	0.020833333333333336	265.8861755285051
0.8	0.0225	240.81060311088646
0.8	0.02416666666666667	219.64991430634333
0.8	0.025833333333333333	201.58187812202723
0.8	0.0275	185.99594540344432
0.8	0.029166666666666667	172.42985208072216
0.8	0.030833333333333334	160.52758847195886
0.8	0.0325	150.01081361354125
0.8	0.034166666666666665	140.65897127989697
0.8	0.035833333333333335	132.29517945170167
0.8	0.0375	124.77603609577581
0.8	0.03916666666666667	117.98413473225261
0.8	0.04083333333333333	115.84364760668817
0.8	0.042499999999999996	115.84364760668817
0.8	0.04416666666666667	115.84364760668817
0.8	0.04583333333333334	115.84364760668817
0.8	0.0475	115.84364760668817
0.9	0.000010100000000000002	399.47778907293474
0.9	0.00002	399.47778907293474
0.9	0.00004500000000000001	399.47778907293474
0.9	0.00007500000000000001	399.47778907293474
0.9	0.000145	399.47778907293474
0.9	0.00035	399.47778907293474
0.9	0.00065	399.47778907293474
0.9	0.0009	399.47778907293474
0.9	0.00125	399.47778907293474
0.9	0.00175	399.47778907293474
0.9	0.0022500000000000003	399.47778907293474
0.9	0.00275	399.47778907293474
0.9	0.0032500000000000003	396.8907165049708
0.9	0.00375	392.3072133013729
0.9	0.00425	388.34166943992494
0.9	0.00475	384.8513581329658
0.9	0.0052499999999999995	381.73751508502966
0.9	0.00575	378.9290222982588
0.9	0.00625	376.3730063740931
0.9	0.00675	374.0291129283834
0.9	0.0072499999999999995	371.86585916300595
0.9	0.00775	366.49600119131316
0.9	0.00825	358.34653183287196
0.9	0.00875	350.84232900770826
0.9	0.00925	343.8995907391325
0.9	0.00975	337.4492046225248
0.9	0.010833333333333334	324.9005884375841
0.9	0.0125	308.6010031154813
0.9	0.014166666666666668	295.0163867572309
0.9	0.01583333333333333	283.447129856983
0.9	0.0175	273.4251500472084
0.9	0.019166666666666665	264.6233424499994
0.9	0.020833333333333336	248.3505152177458
0.9	0.0225	226.7954285774092
0.9	0.02416666666666667	208.45988842825633
0.9	0.025833333333333333	192.68742204633895
0.9	0.0275	178.98689768195675
0.9	0.029166666666666667	166.98385348930884
0.9	0.030833333333333334	156.38799979720844
0.9	0.0325	146.97096951067124
0.9	0.034166666666666665	138.55074436825885
0.9	0.035833333333333335	130.980537702887
0.9	0.0375	124.14071770663021
0.9	0.03916666666666667	117.93284604553011
0.9	0.04083333333333333	115.97030912329657
0.9	0.042499999999999996	115.97030912329657
0.9	0.04416666666666667	115.97030912329657
0.9	0.04583333333333334	115.97030912329657
0.9	0.0475	115.97030912329657
1.	0.000010100000000000002	399.8098094666015
1.	0.00002	399.8098094666015
1.	0.00004500000000000001	399.8098094666015
1.	0.00007500000000000001	399.8098094666015
1.	0.000145	399.8098094666015
1.	0.00035	399.8098094666015
1.	0.00065	399.8098094666015
1.	0.0009	399.8098094666015
1.	0.00125	399.8098094666015
1.	0.00175	399.8098094666015
1.	0.0022500000000000003	399.8098094666015
1.	0.00275	399.8098094666015
1.	0.0032500000000000003	397.19243980380367
1.	0.00375	392.55571701416716
1.	0.00425	388.54460521824365
1.	0.00475	385.01455632482384
1.	0.0052499999999999995	381.86555642823197
1.	0.00575	379.02559456846825
1.	0.00625	376.44113805764084
1.	0.00675	374.07133251516336
1.	0.0072499999999999995	371.88430735150655
1.	0.00775	366.5110648109848
1.	0.00825	358.37595522554335
1.	0.00875	350.8846769854273
1.	0.00925	343.95363619592035
1.	0.00975	337.5138894589481
1.	0.010833333333333334	324.9853240892957
1.	0.0125	308.71046008259776
1.	0.014166666666666668	295.14525270797037
1.	0.01583333333333333	283.5916290161088
1.	0.0175	273.5824976071859
1.	0.019166666666666665	264.791423055892
1.	0.020833333333333336	248.50497169978658
1.	0.0225	226.91887669810842
1.	0.02416666666666667	208.55833455166723
1.	0.025833333333333333	192.7654617179662
1.	0.0275	179.0481055726099
1.	0.029166666666666667	167.0310505560816
1.	0.030833333333333334	156.42344063204305
1.	0.0325	146.99647643676224
1.	0.034166666666666665	138.56780517835682
1.	0.035833333333333335	130.99037806087313
1.	0.0375	124.14435556656483
1.	0.03916666666666667	117.93113309567845
1.	0.04083333333333333	115.96696203882918
1.	0.042499999999999996	115.96696203882918
1.	0.04416666666666667	115.96696203882918
1.	0.04583333333333334	115.96696203882918
1.	0.0475	115.96696203882918
1.25	0.000010100000000000002	399.6550427237923
1.25	0.00002	399.6550427237923
1.25	0.00004500000000000001	399.6550427237923
1.25	0.00007500000000000001	399.6550427237923
1.25	0.000145	399.6550427237923
1.25	0.00035	399.6550427237923
1.25	0.00065	399.6550427237923
1.25	0.0009	399.6550427237923
1.25	0.00125	399.6550427237923
1.25	0.00175	399.6550427237923
1.25	0.0022500000000000003	399.6550427237923
1.25	0.00275	399.6550427237923
1.25	0.0032500000000000003	397.0563091170469
1.25	0.00375	392.45231588734896
1.25	0.00425	388.4692212910107
1.25	0.00475	384.9635996266795
1.25	0.0052499999999999995	381.83620692994697
1.25	0.00575	379.0155823454783
1.25	0.00625	376.44859927671945
1.25	0.00675	374.09471127525825
1.25	0.0072499999999999995	371.922286549795
1.25	0.00775	368.25247121445193
1.25	0.00825	363.26403846271234
1.25	0.00875	358.6309595531949
1.25	0.00925	354.30967805702534
1.25	0.00975	350.2639789195383
1.25	0.010833333333333334	342.30518621032195
1.25	0.0125	331.78436131410774
1.25	0.014166666666666668	322.8477664853602
1.25	0.01583333333333333	315.1085005715836
1.25	0.0175	308.30323156585024
1.25	0.019166666666666665	302.2451131042745
1.25	0.020833333333333336	282.28322126399644
1.25	0.0225	252.5471621221091
1.25	0.02416666666666667	227.7487564195004
1.25	0.025833333333333333	206.80653864763983
1.25	0.0275	188.9263414728126
1.25	0.029166666666666667	173.51308895583443
1.25	0.030833333333333334	160.11292988268832
1.25	0.0325	148.3742680694076
1.25	0.034166666666666665	138.0209056205687
1.25	0.035833333333333335	128.8331503909107
1.25	0.0375	120.63427971022105
1.25	0.03916666666666667	113.28068024328573
1.25	0.04083333333333333	110.97386722120834
1.25	0.042499999999999996	110.97386722120834
1.25	0.04416666666666667	110.97386722120834
1.25	0.04583333333333334	110.97386722120834
1.25	0.0475	110.97386722120834
1.5	0.000010100000000000002	398.47243709773267
1.5	0.00002	398.47243709773267
1.5	0.00004500000000000001	398.47243709773267
1.5	0.00007500000000000001	398.47243709773267
1.5	0.000145	398.47243709773267
1.5	0.00035	398.47243709773267
1.5	0.00065	398.47243709773267
1.5	0.0009	398.47243709773267
1.5	0.00125	398.47243709773267
1.5	0.00175	398.47243709773267
1.5	0.0022500000000000003	398.47243709773267
1.5	0.00275	398.47243709773267
1.5	0.0032500000000000003	395.9842127441904
1.5	0.00375	391.5744063326325
1.5	0.00425	387.7576493531575
1.5	0.00475	384.3971369661643
1.5	0.0052499999999999995	381.3981694252395
1.5	0.00575	378.6925341602142
1.5	0.00625	376.2295035229485
1.5	0.00675	373.97035087086374
1.5	0.0072499999999999995	371.88485617253974
1.5	0.00775	367.84243560417605
1.5	0.00825	362.08312949329365
1.5	0.00875	356.74520153407957
1.5	0.00925	351.7762555981849
1.5	0.00975	347.1328126052494
1.5	0.010833333333333334	338.02276511540856
1.5	0.0125	326.0311556508275
1.5	0.014166666666666668	315.8919829256194
1.5	0.01583333333333333	307.14676615004504
1.5	0.0175	299.48474535747124
1.5	0.019166666666666665	292.68623329348844
1.5	0.020833333333333336	274.22420583854796
1.5	0.0225	247.488196010043
1.5	0.02416666666666667	225.00296518076462
1.5	0.025833333333333333	205.86468907136438
1.5	0.0275	189.40437366684677
1.5	0.029166666666666667	175.11701509152996
1.5	0.030833333333333334	162.6147761401591
1.5	0.0325	151.59523118520607
1.5	0.034166666666666665	141.81933642697732
1.5	0.035833333333333335	133.0958359586208
1.5	0.0375	125.27002269745353
1.5	0.03916666666666667	118.21550551634849
1.5	0.04083333333333333	115.99520986677764
1.5	0.042499999999999996	115.99520986677764
1.5	0.04416666666666667	115.99520986677764
1.5	0.04583333333333334	115.99520986677764
1.5	0.0475	115.99520986677764
1.75	0.000010100000000000002	398.88148054037583
1.75	0.00002	398.88148054037583
1.75	0.00004500000000000001	398.88148054037583
1.75	0.00007500000000000001	398.88148054037583
1.75	0.000145	398.88148054037583
1.75	0.00035	398.88148054037583
1.75	0.00065	398.88148054037583
1.75	0.0009	398.88148054037583
1.75	0.00125	398.88148054037583
1.75	0.00175	398.88148054037583
1.75	0.0022500000000000003	398.88148054037583
1.75	0.00275	398.88148054037583
1.75	0.0032500000000000003	396.36241390294504
1.75	0.00375	391.89839035153267
1.75	0.00425	388.03516973304113
1.75	0.00475	384.63410634050297
1.75	0.0052499999999999995	381.59923647064164
1.75	0.00575	378.8614437464842
1.75	0.00625	376.369332826227
1.75	0.00675	374.08367042062554
1.75	0.0072499999999999995	371.97384335081995
1.75	0.00775	367.9220294479056
1.75	0.00825	362.16653561842946
1.75	0.00875	356.83206868954744
1.75	0.00925	351.8662810709372
1.75	0.00975	347.2257334016855
1.75	0.010833333333333334	338.12120596252385
1.75	0.0125	326.1365304856203
1.75	0.014166666666666668	316.0029167150558
1.75	0.01583333333333333	307.26226370536745
1.75	0.0175	299.60406055849967
1.75	0.019166666666666665	292.80879081764596
1.75	0.020833333333333336	274.3335382660602
1.75	0.0225	247.5730826310482
1.75	0.02416666666666667	225.0685025119232
1.75	0.025833333333333333	205.91471558948194
1.75	0.0275	189.44183050219652
1.75	0.029166666666666667	175.1441898473103
1.75	0.030833333333333334	162.63347170497852
1.75	0.0325	151.60688510188743
1.75	0.034166666666666665	141.82510689019992
1.75	0.035833333333333335	133.09666481185144
1.75	0.0375	125.2666822765938
1.75	0.03916666666666667	118.20863395580236
1.75	0.04083333333333333	115.98727361536793
1.75	0.042499999999999996	115.98727361536793
1.75	0.04416666666666667	115.98727361536793
1.75	0.04583333333333334	115.98727361536793
1.75	0.0475	115.98727361536793
2.	0.000010100000000000002	399.40212416796896
2.	0.00002	399.40212416796896
2.	0.00004500000000000001	399.40212416796896
2.	0.00007500000000000001	399.40212416796896
2.	0.000145	399.40212416796896
2.	0.00035	399.40212416796896
2.	0.00065	399.40212416796896
2.	0.0009	399.40212416796896
2.	0.00125	399.40212416796896
2.	0.00175	399.40212416796896
2.	0.0022500000000000003	399.40212416796896
2.	0.00275	399.40212416796896
2.	0.0032500000000000003	396.8333314869027
2.	0.00375	392.28193050114584
2.	0.00425	388.3438648484497
2.	0.00475	384.8775092456245
2.	0.0052499999999999995	381.78485498609274
2.	0.00575	378.9953239049826
2.	0.00625	376.45644110028184
2.	0.00675	374.1281543521782
2.	0.0072499999999999995	371.9792151812964
2.	0.00775	367.94893857925535
2.	0.00825	362.26779164078386
2.	0.00875	357.00117782185816
2.	0.00925	352.09762767127654
2.	0.00975	347.5144224198933
2.	0.010833333333333334	338.5200575224895
2.	0.0125	326.6755443514708
2.	0.014166666666666668	316.6560051534812
2.	0.01583333333333333	308.01037111965564
2.	0.0175	300.43277576185983
2.	0.019166666666666665	293.70690915783973
2.	0.020833333333333336	275.1632035640818
2.	0.0225	248.23600071846295
2.	0.02416666666666667	225.59874740153788
2.	0.025833333333333333	206.33802394742494
2.	0.0275	189.77798005185173
2.	0.029166666666666667	175.40860964956582
2.	0.030833333333333334	162.8383588280494
2.	0.0325	151.7619954834086
2.	0.034166666666666665	141.9383260133754
2.	0.035833333333333335	133.17442642211057
2.	0.0375	125.3142802378427
2.	0.03916666666666667	118.23045768050154
2.	0.04083333333333333	116.00127626787096
2.	0.042499999999999996	116.00127626787096
2.	0.04416666666666667	116.00127626787096
2.	0.04583333333333334	116.00127626787096
2.	0.0475	116.00127626787096
2.25	0.000010100000000000002	399.8097618865591
2.25	0.00002	399.8097618865591
2.25	0.00004500000000000001	399.8097618865591
2.25	0.00007500000000000001	399.8097618865591
2.25	0.000145	399.8097618865591
2.25	0.00035	399.8097618865591
2.25	0.00065	399.8097618865591
2.25	0.0009	399.8097618865591
2.25	0.00125	399.8097618865591
2.25	0.00175	399.8097618865591
2.25	0.0022500000000000003	399.8097618865591
2.25	0.00275	399.8097618865591
2.25	0.0032500000000000003	397.2038080384648
2.25	0.00375	392.5871238076809
2.25	0.00425	388.59315446565336
2.25	0.00475	385.0780428854792
2.25	0.0052499999999999995	381.94224892679887
2.25	0.00575	379.11409997826445
2.25	0.00625	376.5403130253517
2.25	0.00675	374.1802229419293
2.25	0.0072499999999999995	372.00210585390187
2.25	0.00775	367.50061759559344
2.25	0.00825	360.96926172481096
2.25	0.00875	354.9283995515461
2.25	0.00925	349.3161692701909
2.25	0.00975	344.0813385333479
2.25	0.010833333333333334	333.8388533426182
2.25	0.0125	320.4140229340822
2.25	0.014166666666666668	309.11534183828405
2.25	0.01583333333333333	299.40960773520726
2.25	0.0175	290.9369155288005
2.25	0.019166666666666665	283.4437761000414
2.25	0.020833333333333336	265.70620257493283
2.25	0.0225	240.70520812849637
2.25	0.02416666666666667	219.60257847784354
2.25	0.025833333333333333	201.5802409423581
2.25	0.0275	186.03060226959596
2.25	0.029166666666666667	172.49354311269005
2.25	0.030833333333333334	160.6146381230636
2.25	0.0325	150.11673537381915
2.25	0.034166666666666665	140.78018363600881
2.25	0.035833333333333335	132.42879839985903
2.25	0.0375	124.91972131872839
2.25	0.03916666666666667	118.13597403033405
2.25	0.04083333333333333	115.99786362214343
2.25	0.042499999999999996	115.99786362214343
2.25	0.04416666666666667	115.99786362214343
2.25	0.04583333333333334	115.99786362214343
2.25	0.0475	115.99786362214343
2.5	0.000010100000000000002	399.923850136627
2.5	0.00002	399.923850136627
2.5	0.00004500000000000001	399.923850136627
2.5	0.00007500000000000001	399.923850136627
2.5	0.000145	399.923850136627
2.5	0.00035	399.923850136627
2.5	0.00065	399.923850136627
2.5	0.0009	399.923850136627
2.5	0.00125	399.923850136627
2.5	0.00175	399.923850136627
2.5	0.0022500000000000003	399.923850136627
2.5	0.00275	399.923850136627
2.5	0.0032500000000000003	397.30911197593605
2.5	0.00375	392.6769960949012
2.5	0.00425	388.66981251144534
2.5	0.00475	385.1431764247661
2.5	0.0052499999999999995	381.997185628928
2.5	0.00575	379.1599087672902
2.5	0.00625	376.5778717784123
2.5	0.00675	374.2102646410736
2.5	0.0072499999999999995	372.025251096738
2.5	0.00775	367.98568294719
2.5	0.00825	362.3188252191887
2.5	0.00875	357.0652488673877
2.5	0.00925	352.1736538737402
2.5	0.00975	347.6014604896695
2.5	0.010833333333333334	338.62824204298147
2.5	0.0125	326.8106149041817
2.5	0.014166666666666668	316.8129390685422
2.5	0.01583333333333333	308.18550128092164
2.5	0.0175	300.6233300503089
2.5	0.019166666666666665	293.9107331759502
2.5	0.020833333333333336	275.3500408838265
2.5	0.0225	248.3844792904214
2.5	0.02416666666666667	225.71674714709116
2.5	0.025833333333333333	206.43149148180015
2.5	0.0275	189.85148115518285
2.5	0.029166666666666667	175.4657030925872
2.5	0.030833333333333334	162.88185545724718
2.5	0.0325	151.79414161025574
2.5	0.034166666666666665	141.96093567250662
2.5	0.035833333333333335	133.18897835896996
2.5	0.0375	125.32199010533303
2.5	0.03916666666666667	118.23233251350175
2.5	0.04083333333333333	116.00138293908293
2.5	0.042499999999999996	116.00138293908293
2.5	0.04416666666666667	116.00138293908293
2.5	0.04583333333333334	116.00138293908293
2.5	0.0475	116.00138293908293
2.75	0.000010100000000000002	398.4674007979039
2.75	0.00002	398.4674007979039
2.75	0.00004500000000000001	398.4674007979039
2.75	0.00007500000000000001	398.4674007979039
2.75	0.000145	398.4674007979039
2.75	0.00035	398.4674007979039
2.75	0.00065	398.4674007979039
2.75	0.0009	398.4674007979039
2.75	0.00125	398.4674007979039
2.75	0.00175	398.4674007979039
2.75	0.0022500000000000003	398.4674007979039
2.75	0.00275	398.4674007979039
2.75	0.0032500000000000003	395.98736846020154
2.75	0.00375	391.59195435852837
2.75	0.00425	387.78752273734426
2.75	0.00475	384.43776041522113
2.75	0.0052499999999999995	381.4483050486994
2.75	0.00575	378.75118521865414
2.75	0.00625	376.295851352686
2.75	0.00675	374.0437118788117
2.75	0.0072499999999999995	371.9646515390364
2.75	0.00775	367.94645767878023
2.75	0.00825	362.22659685208527
2.75	0.00875	356.92464457077983
2.75	0.00925	351.9886753155934
2.75	0.00975	347.3755960295117
2.75	0.010833333333333334	338.3238254913918
2.75	0.0125	326.4062454896193
2.75	0.014166666666666668	316.3272126642782
2.75	0.01583333333333333	307.63200264518736
2.75	0.0175	300.01233394905046
2.75	0.019166666666666665	293.2502289035908
2.75	0.020833333333333336	274.7376469600894
2.75	0.0225	247.89001511121356
2.75	0.02416666666666667	225.31632146913333
2.75	0.025833333333333333	206.10703660585776
2.75	0.0275	189.58909525702794
2.75	0.029166666666666667	175.25452714833617
2.75	0.030833333333333334	162.7132939018337
2.75	0.0325	151.6613100044671
2.75	0.034166666666666665	141.8582618721718
2.75	0.035833333333333335	133.11190968203002
2.75	0.0375	125.26677508045546
2.75	0.03916666666666667	118.19585599937822
2.75	0.04083333333333333	115.97060664772481
2.75	0.042499999999999996	115.97060664772481
2.75	0.04416666666666667	115.97060664772481
2.75	0.04583333333333334	115.97060664772481
2.75	0.0475	115.97060664772481
3.	0.000010100000000000002	399.94595614753854
3.	0.00002	399.94595614753854
3.	0.00004500000000000001	399.94595614753854
3.	0.00007500000000000001	399.94595614753854
3.	0.000145	399.94595614753854
3.	0.00035	399.94595614753854
3.	0.00065	399.94595614753854
3.	0.0009	399.94595614753854
3.	0.00125	399.94595614753854
3.	0.00175	399.94595614753854
3.	0.0022500000000000003	399.94595614753854
3.	0.00275	399.94595614753854
3.	0.0032500000000000003	397.3295211361814
3.	0.00375	392.6944244347563
3.	0.00425	388.68468844022766
3.	0.00475	385.15582639358826
3.	0.0052499999999999995	382.0078661319019
3.	0.00575	379.1688263060025
3.	0.00625	376.5851959428886
3.	0.00675	374.21613702722914
3.	0.0072499999999999995	372.0297915879529
3.	0.00775	368.3797239675027
3.	0.00825	363.440386815361
3.	0.00875	358.8522834001393
3.	0.00925	354.57240299213913
3.	0.00975	350.5649796588287
3.	0.010833333333333334	342.68009349106165
3.	0.0125	332.25407387963486
3.	0.014166666666666668	323.395349474989
3.	0.01583333333333333	315.72149142652626
3.	0.0175	308.97214124177526
3.	0.019166666666666665	302.96251793891935
3.	0.020833333333333336	285.7436358279679
3.	0.0225	260.36998696101443
3.	0.02416666666666667	238.8319999867721
3.	0.025833333333333333	220.34130797250802
3.	0.0275	204.30927872647902
3.	0.029166666666666667	190.28794640721622
3.	0.030833333333333334	177.93064588240804
3.	0.0325	166.9651086293855
3.	0.034166666666666665	157.17466234500426
3.	0.035833333333333335	148.38483143878713
3.	0.0375	140.45361668569745
3.	0.03916666666666667	133.2643308300646
3.	0.04083333333333333	130.9934164340974
3.	0.042499999999999996	130.9934164340974
3.	0.04416666666666667	130.9934164340974
3.	0.04583333333333334	130.9934164340974
3.	0.0475	130.9934164340974
3.2499999999999996	0.000010100000000000002	399.0241156370681
3.2499999999999996	0.00002	399.0241156370681
3.2499999999999996	0.00004500000000000001	399.0241156370681
3.2499999999999996	0.00007500000000000001	399.0241156370681
3.2499999999999996	0.000145	399.0241156370681
3.2499999999999996	0.00035	399.0241156370681
3.2499999999999996	0.00065	399.0241156370681
3.2499999999999996	0.0009	399.0241156370681
3.2499999999999996	0.00125	399.0241156370681
3.2499999999999996	0.00175	399.0241156370681
3.2499999999999996	0.0022500000000000003	399.0241156370681
3.2499999999999996	0.00275	399.0241156370681
3.2499999999999996	0.0032500000000000003	396.4932716275226
3.2499999999999996	0.00375	392.0085488049663
3.2499999999999996	0.00425	388.12759323242733
3.2499999999999996	0.00475	384.7110549397292
3.2499999999999996	0.0052499999999999995	381.6624867609163
3.2499999999999996	0.00575	378.9124266719801
3.2499999999999996	0.00625	376.4092240211905
3.2499999999999996	0.00675	374.11345181718826
3.2499999999999996	0.0072499999999999995	371.99434659184254
3.2499999999999996	0.00775	368.39276865000045
3.2499999999999996	0.00825	363.4849228893864
3.2499999999999996	0.00875	358.9256859723766
3.2499999999999996	0.00925	354.6723937673168
3.2499999999999996	0.00975	350.68956571495295
3.2499999999999996	0.010833333333333334	342.8522113515147
3.2499999999999996	0.0125	332.48725029127144
3.2499999999999996	0.014166666666666668	323.6787584572304
3.2499999999999996	0.01583333333333333	316.04715682199003
3.2499999999999996	0.0175	309.3339835068318
3.2499999999999996	0.019166666666666665	303.3557760837558
3.2499999999999996	0.020833333333333336	284.0478310842388
3.2499999999999996	0.0225	255.2827919112782
3.2499999999999996	0.02416666666666667	231.18873615105863
3.2499999999999996	0.025833333333333333	210.7581266905147
3.2499999999999996	0.0275	193.2480302745962
3.2499999999999996	0.029166666666666667	178.0996145327251
3.2499999999999996	0.030833333333333334	164.8851287214089
3.2499999999999996	0.0325	153.2720676930343
3.2499999999999996	0.034166666666666665	142.99838971338798
3.2499999999999996	0.035833333333333335	133.85502660539498
3.2499999999999996	0.0375	125.6733138971797
3.2499999999999996	0.03916666666666667	118.31580787438845
3.2499999999999996	0.04083333333333333	116.00380826364557
3.2499999999999996	0.042499999999999996	116.00380826364557
3.2499999999999996	0.04416666666666667	116.00380826364557
3.2499999999999996	0.04583333333333334	116.00380826364557
3.2499999999999996	0.0475	116.00380826364557
3.5000000000000004	0.000010100000000000002	399.922905034884
3.5000000000000004	0.00002	399.922905034884
3.5000000000000004	0.00004500000000000001	399.922905034884
3.5000000000000004	0.00007500000000000001	399.922905034884
3.5000000000000004	0.000145	399.922905034884
3.5000000000000004	0.00035	399.922905034884
3.5000000000000004	0.00065	399.922905034884
3.5000000000000004	0.0009	399.922905034884
3.5000000000000004	0.00125	399.922905034884
3.5000000000000004	0.00175	399.922905034884
3.5000000000000004	0.0022500000000000003	399.922905034884
3.5000000000000004	0.00275	399.922905034884
3.5000000000000004	0.0032500000000000003	397.30895869535675
3.5000000000000004	0.00375	392.67823280524163
3.5000000000000004	0.00425	388.67223840725023
3.5000000000000004	0.00475	385.1466386006869
3.5000000000000004	0.0052499999999999995	382.0015640243973
3.5000000000000004	0.00575	379.1651067795681
3.5000000000000004	0.00625	376.58381011543634
3.5000000000000004	0.00675	374.21687713293466
3.5000000000000004	0.0072499999999999995	372.0324817465679
3.5000000000000004	0.00775	368.39884428204186
3.5000000000000004	0.00825	363.4884824614571
3.5000000000000004	0.00875	358.92693786627694
3.5000000000000004	0.00925	354.67151892606324
3.5000000000000004	0.00975	350.6867224815605
3.5000000000000004	0.010833333333333334	342.84556099647057
3.5000000000000004	0.0125	332.47570284438564
3.5000000000000004	0.014166666666666668	323.6631760394403
3.5000000000000004	0.01583333333333333	316.0281752857741
3.5000000000000004	0.0175	309.31208798582315
3.5000000000000004	0.019166666666666665	303.3313468442047
3.5000000000000004	0.020833333333333336	284.02367485604356
3.5000000000000004	0.0225	255.26110466604865
3.5000000000000004	0.02416666666666667	231.16911489475345
3.5000000000000004	0.025833333333333333	210.74025566021774
3.5000000000000004	0.0275	193.2316579695096
3.5000000000000004	0.029166666666666667	178.08453774769842
3.5000000000000004	0.030833333333333334	164.87118118828224
3.5000000000000004	0.0325	153.25911183386418
3.5000000000000004	0.034166666666666665	142.98631054400485
3.5000000000000004	0.035833333333333335	133.8437271554322
3.5000000000000004	0.0375	125.66271171922183
3.5000000000000004	0.03916666666666667	118.30583234825619
3.5000000000000004	0.04083333333333333	115.99402957693732
3.5000000000000004	0.042499999999999996	115.99402957693732
3.5000000000000004	0.04416666666666667	115.99402957693732
3.5000000000000004	0.04583333333333334	115.99402957693732
3.5000000000000004	0.0475	115.99402957693732
3.75	0.000010100000000000002	399.8705511979842
3.75	0.00002	399.8705511979842
3.75	0.00004500000000000001	399.8705511979842
3.75	0.00007500000000000001	399.8705511979842
3.75	0.000145	399.8705511979842
3.75	0.00035	399.8705511979842
3.75	0.00065	399.8705511979842
3.75	0.0009	399.8705511979842
3.75	0.00125	399.8705511979842
3.75	0.00175	399.8705511979842
3.75	0.0022500000000000003	399.8705511979842
3.75	0.00275	399.8705511979842
3.75	0.0032500000000000003	398.18379222840827
3.75	0.00375	395.1859058141557
3.75	0.00425	392.58231474218684
3.75	0.00475	390.28304375359494
3.75	0.0052499999999999995	388.22561795878903
3.75	0.00575	386.36491319243186
3.75	0.00625	384.6672891236293
3.75	0.00675	383.1070062468657
3.75	0.0072499999999999995	381.6639375129478
3.75	0.00775	377.9541198547388
3.75	0.00825	372.24883922196653
3.75	0.00875	366.95805427721876
3.75	0.00925	362.030420275618
3.75	0.00975	357.42330822092305
3.75	0.010833333333333334	348.37803370782837
3.75	0.0125	336.45819924205233
3.75	0.014166666666666668	326.36735939413626
3.75	0.01583333333333333	317.65443149587355
3.75	0.0175	310.0133323332952
3.75	0.019166666666666665	303.22746818192275
3.75	0.020833333333333336	286.3025006762812
3.75	0.0225	261.98557352827834
3.75	0.02416666666666667	241.2600752399493
3.75	0.025833333333333333	223.39914212408215
3.75	0.0275	207.85797706653875
3.75	0.029166666666666667	194.2204854239259
3.75	0.030833333333333334	182.16358149622812
3.75	0.0325	171.43271092937752
3.75	0.034166666666666665	161.82469109801403
3.75	0.035833333333333335	153.17544399779442
3.75	0.0375	145.35107185934146
3.75	0.03916666666666667	138.24126150722705
3.75	0.04083333333333333	135.99186472509194
3.75	0.042499999999999996	135.99186472509194
3.75	0.04416666666666667	135.99186472509194
3.75	0.04583333333333334	135.99186472509194
3.75	0.0475	135.99186472509194
4.	0.000010100000000000002	399.4477648677472
4.	0.00002	399.4477648677472
4.	0.00004500000000000001	399.4477648677472
4.	0.00007500000000000001	399.4477648677472
4.	0.000145	399.4477648677472
4.	0.00035	399.4477648677472
4.	0.00065	399.4477648677472
4.	0.0009	399.4477648677472
4.	0.00125	399.4477648677472
4.	0.00175	399.4477648677472
4.	0.0022500000000000003	399.4477648677472
4.	0.00275	399.4477648677472
4.	0.0032500000000000003	396.87789217394766
4.	0.00375	392.3245901822568
4.	0.00425	388.3848927843049
4.	0.00475	384.9171110394573
4.	0.0052499999999999995	381.82319248166857
4.	0.00575	379.03252762188737
4.	0.00625	376.4926183944968
4.	0.00675	374.1633949872431
4.	0.0072499999999999995	372.0135952579159
4.	0.00775	368.78002474696837
4.	0.00825	364.5876670373917
4.	0.00875	360.68560940296624
4.	0.00925	357.0388001127657
4.	0.00975	353.6180361722064
4.	0.010833333333333334	346.8698828488459
4.	0.0125	337.91028688798843
4.	0.014166666666666668	330.26371260683896
4.	0.01583333333333333	323.61394816102097
4.	0.0175	317.74485395218915
4.	0.019166666666666665	312.50248565718124
4.	0.020833333333333336	292.46606379937657
4.	0.0225	261.9348438177956
4.	0.02416666666666667	236.44724028210914
4.	0.025833333333333333	214.90248426306465
4.	0.0275	196.49145539069565
4.	0.029166666666666667	180.60732849512436
4.	0.030833333333333334	166.78690131478356
4.	0.0325	154.67104853466762
4.	0.034166666666666665	143.97744601861223
4.	0.035833333333333335	134.48136896316532
4.	0.0375	126.0019241329823
4.	0.03916666666666667	118.3920142621368
4.	0.04083333333333333	116.00384143673216
4.	0.042499999999999996	116.00384143673216
4.	0.04416666666666667	116.00384143673216
4.	0.04583333333333334	116.00384143673216
4.	0.0475	116.00384143673216