0.020000000000000004	0.000010100000000000002	307.9673593010974
0.020000000000000004	0.00002	307.9673593010974
0.020000000000000004	0.00004500000000000001	307.9673593010974
0.020000000000000004	0.00007500000000000001	307.9673593010974
0.020000000000000004	0.000145	307.9673593010974
0.020000000000000004	0.00035	307.9673593010974
0.020000000000000004	0.00065	307.9673593010974
0.020000000000000004	0.0009	307.9673593010974
0.020000000000000004	0.00125	307.9673593010974
0.020000000000000004	0.00175	307.9673593010974
0.020000000000000004	0.0022500000000000003	307.9673593010974
0.020000000000000004	0.00275	307.9673593010974
0.020000000000000004	0.0032500000000000003	295.36876135159434
0.020000000000000004	0.00375	274.1154603314556
0.020000000000000004	0.00425	256.78386524395967
0.020000000000000004	0.00475	242.3040083968039
0.020000000000000004	0.0052499999999999995	229.97393892983453
0.020000000000000004	0.00575	219.31161573837505
0.020000000000000004	0.00625	209.97365589697446
0.020000000000000004	0.00675	201.7079810670777
0.020000000000000004	0.0072499999999999995	194.32482896293317
0.020000000000000004	0.00775	187.75645405854948
0.020000000000000004	0.00825	181.87405332740323
0.020000000000000004	0.00875	176.50632999596053
0.020000000000000004	0.00925	171.58250760536154
0.020000000000000004	0.00975	167.04471575974668
0.020000000000000004	0.010833333333333334	158.3200988453503
0.020000000000000004	0.0125	147.19547058956587
0.020000000000000004	0.014166666666666668	138.10808960394618
0.020000000000000004	0.01583333333333333	130.50452434355645
0.020000000000000004	0.0175	124.02113741813493
0.020000000000000004	0.019166666666666665	118.40787098141512
0.020000000000000004	0.020833333333333336	108.9244012248718
0.020000000000000004	0.0225	96.94267488378846
0.020000000000000004	0.02416666666666667	87.00075576826366
0.020000000000000004	0.025833333333333333	78.64411977681546
0.020000000000000004	0.0275	71.54056740912976
0.020000000000000004	0.029166666666666667	65.44227785231806
0.020000000000000004	0.030833333333333334	60.16102663584581
0.020000000000000004	0.0325	55.55156622950345
0.020000000000000004	0.034166666666666665	51.500217642737795
0.020000000000000004	0.035833333333333335	47.91687500962925
0.020000000000000004	0.0375	44.729297181564185
0.020000000000000004	0.03916666666666667	41.878963524152844
0.020000000000000004	0.04083333333333333	40.986579481979646
0.020000000000000004	0.042499999999999996	40.986579481979646
0.020000000000000004	0.04416666666666667	40.986579481979646
0.020000000000000004	0.04583333333333334	40.986579481979646
0.020000000000000004	0.0475	40.986579481979646
0.049999999999999996	0.000010100000000000002	320.21730225253583
0.049999999999999996	0.00002	320.21730225253583
0.049999999999999996	0.00004500000000000001	320.21730225253583
0.049999999999999996	0.00007500000000000001	320.21730225253583
0.049999999999999996	0.000145	320.21730225253583
0.049999999999999996	0.00035	320.21730225253583
0.049999999999999996	0.00065	320.21730225253583
0.049999999999999996	0.0009	320.21730225253583
0.049999999999999996	0.00125	320.21730225253583
0.049999999999999996	0.00175	320.21730225253583
0.049999999999999996	0.0022500000000000003	320.21730225253583
0.049999999999999996	0.00275	320.21730225253583
0.049999999999999996	0.0032500000000000003	305.3670983424493
0.049999999999999996	0.00375	280.51308042067063
0.049999999999999996	0.00425	260.4387125254964
0.049999999999999996	0.00475	243.80852237742965
0.049999999999999996	0.0052499999999999995	229.75392742603205
0.049999999999999996	0.00575	217.68303234816594
0.049999999999999996	0.00625	207.1771132717612
0.049999999999999996	0.00675	197.9307177096352
0.049999999999999996	0.0072499999999999995	189.71523169128076
0.049999999999999996	0.00775	182.75777786454265
0.049999999999999996	0.00825	176.84438537385975
0.049999999999999996	0.00875	171.4539335791139
0.049999999999999996	0.00925	166.51405827637208
0.049999999999999996	0.00975	161.96564855485357
0.049999999999999996	0.010833333333333334	153.23227234361724
0.049999999999999996	0.0125	142.11983498655934
0.049999999999999996	0.014166666666666668	133.06306912338198
0.049999999999999996	0.01583333333333333	125.50031239113075
0.049999999999999996	0.0175	119.06327699004905
0.049999999999999996	0.019166666666666665	113.4991696823042
0.049999999999999996	0.020833333333333336	105.1818175127077
0.049999999999999996	0.0225	95.05188015611037
0.049999999999999996	0.02416666666666667	86.52168235526123
0.049999999999999996	0.025833333333333333	79.25262823282314
0.049999999999999996	0.0275	72.99379618958298
0.049999999999999996	0.029166666666666667	67.55556169536285
0.049999999999999996	0.030833333333333334	62.79214292896643
0.049999999999999996	0.0325	58.58975091166103
0.049999999999999996	0.034166666666666665	54.85836060223096
0.049999999999999996	0.035833333333333335	51.525880523199056
0.049999999999999996	0.0375	48.53394687382781
0.049999999999999996	0.03916666666666667	45.834840018030846
0.049999999999999996	0.04083333333333333	44.98491779459224
0.049999999999999996	0.042499999999999996	44.98491779459224
0.049999999999999996	0.04416666666666667	44.98491779459224
0.049999999999999996	0.04583333333333334	44.98491779459224
0.049999999999999996	0.0475	44.98491779459224
0.07500000000000001	0.000010100000000000002	220.9984384925303
0.07500000000000001	0.00002	220.9984384925303
0.07500000000000001	0.00004500000000000001	220.9984384925303
0.07500000000000001	0.00007500000000000001	220.9984384925303
0.07500000000000001	0.000145	220.9984384925303
0.07500000000000001	0.00035	220.9984384925303
0.07500000000000001	0.00065	220.9984384925303
0.07500000000000001	0.0009	220.9984384925303
0.07500000000000001	0.00125	220.9984384925303
0.07500000000000001	0.00175	220.9984384925303
0.07500000000000001	0.0022500000000000003	220.9984384925303
0.07500000000000001	0.00275	220.9984384925303
0.07500000000000001	0.0032500000000000003	216.09542116301225
0.07500000000000001	0.00375	207.59927128797446
0.07500000000000001	0.00425	200.4424259398543
0.07500000000000001	0.00475	194.28984240959224
0.07500000000000001	0.0052499999999999995	188.91519227427426
0.07500000000000001	0.00575	184.1589553891277
0.07500000000000001	0.00625	179.90480226148847
0.07500000000000001	0.00675	176.0654936696592
0.07500000000000001	0.0072499999999999995	172.57405820583358
0.07500000000000001	0.00775	168.72866047465712
0.07500000000000001	0.00825	164.58767794615144
0.07500000000000001	0.00875	160.78330509522817
0.07500000000000001	0.00925	157.27117343923416
0.07500000000000001	0.00975	154.01477121805783
0.07500000000000001	0.010833333333333334	147.698560296777
0.07500000000000001	0.0125	139.53265251769483
0.07500000000000001	0.014166666666666668	132.76134293483176
0.07500000000000001	0.01583333333333333	127.02030602170593
0.07500000000000001	0.0175	122.06689741323062
0.07500000000000001	0.019166666666666665	117.73224093176692
0.07500000000000001	0.020833333333333336	109.4307467719823
0.07500000000000001	0.0225	98.42825308226836
0.07500000000000001	0.02416666666666667	89.20520814249106
0.07500000000000001	0.025833333333333333	81.37883530924742
0.07500000000000001	0.0275	74.66667783335518
0.07500000000000001	0.029166666666666667	68.8561272565511
0.07500000000000001	0.030833333333333334	63.78434089816089
0.07500000000000001	0.0325	59.324659149399544
0.07500000000000001	0.034166666666666665	55.377206700950964
0.07500000000000001	0.035833333333333335	51.862255598686005
0.07500000000000001	0.0375	48.71545270791923
0.07500000000000001	0.03916666666666667	45.88433131297548
0.07500000000000001	0.04083333333333333	44.99441767183866
0.07500000000000001	0.042499999999999996	44.99441767183866
0.07500000000000001	0.04416666666666667	44.99441767183866
0.07500000000000001	0.04583333333333334	44.99441767183866
0.07500000000000001	0.0475	44.99441767183866
0.1	0.000010100000000000002	320.59390943778345
0.1	0.00002	320.59390943778345
0.1	0.00004500000000000001	320.59390943778345
0.1	0.00007500000000000001	320.59390943778345
0.1	0.000145	320.59390943778345
0.1	0.00035	320.59390943778345
0.1	0.00065	320.59390943778345
0.1	0.0009	320.59390943778345
0.1	0.00125	320.59390943778345
0.1	0.00175	320.59390943778345
0.1	0.0022500000000000003	320.59390943778345
0.1	0.00275	320.59390943778345
0.1	0.0032500000000000003	306.40343611827257
0.1	0.00375	282.5806616177426
0.1	0.00425	263.2676207075709
0.1	0.00475	247.2157063416668
0.1	0.0052499999999999995	233.61010615047496
0.1	0.00575	221.89390908878224
0.1	0.00625	211.67208104668543
0.1	0.00675	202.65574593598447
0.1	0.0072499999999999995	194.6282109992336
0.1	0.00775	187.49293287052538
0.1	0.00825	181.10676878895256
0.1	0.00875	175.29530960256128
0.1	0.00925	169.97820422070603
0.1	0.00975	165.08992402496506
0.1	0.010833333333333334	155.72475093009902
0.1	0.0125	143.84993739412963
0.1	0.014166666666666668	134.2084203363373
0.1	0.01583333333333333	126.18419467224257
0.1	0.0175	119.37471776086723
0.1	0.019166666666666665	113.50452239213243
0.1	0.020833333333333336	106.44476492976442
0.1	0.0225	98.5963745062545
0.1	0.02416666666666667	91.82810860871734
0.1	0.025833333333333333	85.9312114257507
0.1	0.0275	80.74748167784887
0.1	0.029166666666666667	76.15484021655847
0.1	0.030833333333333334	72.05757531145692
0.1	0.0325	68.37958738215207
0.1	0.034166666666666665	65.05960954737239
0.1	0.035833333333333335	62.047761065739344
0.1	0.0375	59.30301922776166
0.1	0.03916666666666667	56.791336275592094
0.1	0.04083333333333333	55.99303922774899
0.1	0.042499999999999996	55.99303922774899
0.1	0.04416666666666667	55.99303922774899
0.1	0.04583333333333334	55.99303922774899
0.1	0.0475	55.99303922774899
0.15	0.000010100000000000002	319.59643910445845
0.15	0.00002	319.59643910445845
0.15	0.00004500000000000001	319.59643910445845
0.15	0.00007500000000000001	319.59643910445845
0.15	0.000145	319.59643910445845
0.15	0.00035	319.59643910445845
0.15	0.00065	319.59643910445845
0.15	0.0009	319.59643910445845
0.15	0.00125	319.59643910445845
0.15	0.00175	319.59643910445845
0.15	0.0022500000000000003	319.59643910445845
0.15	0.00275	319.59643910445845
0.15	0.0032500000000000003	306.2297631470455
0.15	0.00375	283.7105527621818
0.15	0.00425	265.37602364562235
0.15	0.00475	250.07984964135457
0.15	0.0052499999999999995	237.07107087531463
0.15	0.00575	225.8346531938215
0.15	0.00625	216.00413544474057
0.15	0.00675	207.3107807461289
0.15	0.0072499999999999995	199.552481891242
0.15	0.00775	195.97401284429048
0.15	0.00825	195.97401284429048
0.15	0.00875	195.97401284429048
0.15	0.00925	195.97401284429048
0.15	0.00975	195.97401284429048
0.15	0.010833333333333334	195.97401284429048
0.15	0.0125	195.97401284429048
0.15	0.014166666666666668	195.97401284429048
0.15	0.01583333333333333	195.97401284429048
0.15	0.0175	195.97401284429048
0.15	0.019166666666666665	195.97401284429048
0.15	0.020833333333333336	183.67955521667523
0.15	0.0225	162.55986689098728
0.15	0.02416666666666667	145.1303714335914
0.15	0.025833333333333333	130.55378544272818
0.15	0.0275	118.221269272631
0.15	0.029166666666666667	107.6807837663051
0.15	0.030833333333333334	98.59052550811568
0.15	0.0325	90.68784062103502
0.15	0.034166666666666665	83.76797612054213
0.15	0.035833333333333335	77.66924772828145
0.15	0.0375	72.26249044001216
0.15	0.03916666666666667	67.44342741056144
0.15	0.04083333333333333	65.9378677242147
0.15	0.042499999999999996	65.9378677242147
0.15	0.04416666666666667	65.9378677242147
0.15	0.04583333333333334	65.9378677242147
0.15	0.0475	65.9378677242147
0.20000000000000004	0.000010100000000000002	319.36420250573656
0.20000000000000004	0.00002	319.36420250573656
0.20000000000000004	0.00004500000000000001	319.36420250573656
0.20000000000000004	0.00007500000000000001	319.36420250573656
0.20000000000000004	0.000145	319.36420250573656
0.20000000000000004	0.00035	319.36420250573656
0.20000000000000004	0.00065	319.36420250573656
0.20000000000000004	0.0009	319.36420250573656
0.20000000000000004	0.00125	319.36420250573656
0.20000000000000004	0.00175	319.36420250573656
0.20000000000000004	0.0022500000000000003	319.36420250573656
0.20000000000000004	0.00275	319.36420250573656
0.20000000000000004	0.0032500000000000003	307.9989835382964
0.20000000000000004	0.00375	288.67864972091905
0.20000000000000004	0.00425	272.77635611750503
0.20000000000000004	0.00475	259.3814970809698
0.20000000000000004	0.0052499999999999995	247.89164572114456
0.20000000000000004	0.00575	237.8900120946475
0.20000000000000004	0.00625	229.07769575338133
0.20000000000000004	0.00675	221.23392872607263
0.20000000000000004	0.0072499999999999995	214.19158468788774
0.20000000000000004	0.00775	207.83448036283798
0.20000000000000004	0.00825	202.05867155810736
0.20000000000000004	0.00875	196.76951791849424
0.20000000000000004	0.00925	191.90154476903356
0.20000000000000004	0.00975	187.40103673050183
0.20000000000000004	0.010833333333333334	178.7083004575239
0.20000000000000004	0.0125	167.54394476118586
0.20000000000000004	0.014166666666666668	158.35236518969833
0.20000000000000004	0.01583333333333333	150.60834250223886
0.20000000000000004	0.0175	143.96432848489314
0.20000000000000004	0.019166666666666665	138.1798219294217
0.20000000000000004	0.020833333333333336	129.87116074244867
0.20000000000000004	0.0225	119.79730873257185
0.20000000000000004	0.02416666666666667	111.14458422607467
0.20000000000000004	0.025833333333333333	103.63389000167962
0.20000000000000004	0.0275	97.05451196015099
0.20000000000000004	0.029166666666666667	91.2444186581283
0.20000000000000004	0.030833333333333334	86.07699329861791
0.20000000000000004	0.0325	81.45187606051795
0.20000000000000004	0.034166666666666665	77.2885052137095
0.20000000000000004	0.035833333333333335	73.52147326482607
0.20000000000000004	0.0375	70.09713015903179
0.20000000000000004	0.03916666666666667	66.97105988448209
0.20000000000000004	0.04083333333333333	65.97904236825583
0.20000000000000004	0.042499999999999996	65.97904236825583
0.20000000000000004	0.04416666666666667	65.97904236825583
0.20000000000000004	0.04583333333333334	65.97904236825583
0.20000000000000004	0.0475	65.97904236825583
0.29999999999999993	0.000010100000000000002	240.9790952044929
0.29999999999999993	0.00002	240.9790952044929
0.29999999999999993	0.00004500000000000001	240.9790952044929
0.29999999999999993	0.00007500000000000001	240.9790952044929
0.29999999999999993	0.000145	240.9790952044929
0.29999999999999993	0.00035	240.9790952044929
0.29999999999999993	0.00065	240.9790952044929
0.29999999999999993	0.0009	240.9790952044929
0.29999999999999993	0.00125	240.9790952044929
0.29999999999999993	0.00175	240.9790952044929
0.29999999999999993	0.0022500000000000003	240.9790952044929
0.29999999999999993	0.00275	240.9790952044929
0.29999999999999993	0.0032500000000000003	238.19025345895867
0.29999999999999993	0.00375	233.28453110892886
0.29999999999999993	0.00425	229.07664666895423
0.29999999999999993	0.00475	225.40106574229537
0.29999999999999993	0.0052499999999999995	222.14412761226836
0.29999999999999993	0.00575	219.22455128343228
0.29999999999999993	0.00625	216.58228271007647
0.29999999999999993	0.00675	214.17174615164956
0.29999999999999993	0.0072499999999999995	211.95756987361304
0.29999999999999993	0.00775	208.30954358188544
0.29999999999999993	0.00825	203.43031614705492
0.29999999999999993	0.00875	198.94271507490575
0.29999999999999993	0.00925	194.79548853619096
0.29999999999999993	0.00975	190.946415793494
0.29999999999999993	0.010833333333333334	183.4698545088639
0.29999999999999993	0.0125	173.78179117895795
0.29999999999999993	0.014166666666666668	165.7284717474062
0.29999999999999993	0.01583333333333333	158.8856535851138
0.29999999999999993	0.0175	152.9701587061607
0.29999999999999993	0.019166666666666665	147.78451050049856
0.29999999999999993	0.020833333333333336	138.7397619268239
0.29999999999999993	0.0225	126.97020717966993
0.29999999999999993	0.02416666666666667	116.93784323694632
0.29999999999999993	0.025833333333333333	108.29122778318164
0.29999999999999993	0.0275	100.76692187378993
0.29999999999999993	0.029166666666666667	94.1637021009488
0.29999999999999993	0.030833333333333334	88.32531028397437
0.29999999999999993	0.0325	83.12862263596796
0.29999999999999993	0.034166666666666665	78.47535524979236
0.29999999999999993	0.035833333333333335	74.28613402193733
0.29999999999999993	0.0375	70.49618016372992
0.29999999999999993	0.03916666666666667	67.05212131337409
0.29999999999999993	0.04083333333333333	65.96244638463396
0.29999999999999993	0.042499999999999996	65.96244638463396
0.29999999999999993	0.04416666666666667	65.96244638463396
0.29999999999999993	0.04583333333333334	65.96244638463396
0.29999999999999993	0.0475	65.96244638463396
0.4	0.000010100000000000002	240.98765926479288
0.4	0.00002	240.98765926479288
0.4	0.00004500000000000001	240.98765926479288
0.4	0.00007500000000000001	240.98765926479288
0.4	0.000145	240.98765926479288
0.4	0.00035	240.98765926479288
0.4	0.00065	240.98728467257556
0.4	0.0009	240.9865549662685
0.4	0.00125	240.98581835207108
0.4	0.00175	240.98506387294995
0.4	0.0022500000000000003	240.98450034660277
0.4	0.00275	240.98405038045078
0.4	0.0032500000000000003	237.18631588252111
0.4	0.00375	230.5455655955901
0.4	0.00425	224.88984309324064
0.4	0.00475	219.98044968428238
0.4	0.0052499999999999995	215.65453505105165
0.4	0.00575	211.7963040230472
0.4	0.00625	208.32064049347716
0.4	0.00675	205.16325031831502
0.4	0.0072499999999999995	202.27444806696755
0.4	0.00775	198.7551371360908
0.4	0.00825	194.69513832066747
0.4	0.00875	190.9498913761732
0.4	0.00925	187.47899732622693
0.4	0.00975	184.24908198475129
0.4	0.010833333333333334	177.9509377909872
0.4	0.0125	169.74014643703666
0.4	0.014166666666666668	162.86977989483458
0.4	0.01583333333333333	156.99817450660618
0.4	0.0175	151.8959164213385
0.4	0.019166666666666665	147.4021756642209
0.4	0.020833333333333336	138.67783009242697
0.4	0.0225	126.92762322261954
0.4	0.02416666666666667	116.9106777439397
0.4	0.025833333333333333	108.27648973908181
0.4	0.0275	100.7622972306456
0.4	0.029166666666666667	94.16737502640244
0.4	0.030833333333333334	88.33583807714247
0.4	0.0325	83.14484639693657
0.4	0.034166666666666665	78.49633492103432
0.4	0.035833333333333335	74.31110038526313
0.4	0.0375	70.5244988502633
0.4	0.03916666666666667	67.08326546560956
0.4	0.04083333333333333	65.99443890721012
0.4	0.042499999999999996	65.99443890721012
0.4	0.04416666666666667	65.99443890721012
0.4	0.04583333333333334	65.99443890721012
0.4	0.0475	65.99443890721012
0.5	0.000010100000000000002	240.9958355765726
0.5	0.00002	240.9958355765726
0.5	0.00004500000000000001	240.9958355765726
0.5	0.00007500000000000001	240.9958355765726
0.5	0.000145	240.9958355765726
0.5	0.00035	240.9958355765726
0.5	0.00065	240.9958355765726
0.5	0.0009	240.9958355765726
0.5	0.00125	240.9958355765726
0.5	0.00175	240.9958355765726
0.5	0.0022500000000000003	240.9958355765726
0.5	0.00275	240.9958355765726
0.5	0.0032500000000000003	239.16783944974057
0.5	0.00375	235.93422156503544
0.5	0.00425	233.1418007962263
0.5	0.00475	230.68807596299854
0.5	0.0052499999999999995	228.50223762698883
0.5	0.00575	226.5333739096562
0.5	0.00625	224.7436850020249
0.5	0.00675	223.1043565753881
0.5	0.0072499999999999995	221.5929342854865
0.5	0.00775	218.74977047168437
0.5	0.00825	214.74580756389693
0.5	0.00875	211.04448067714006
0.5	0.00925	207.60748578151703
0.5	0.00975	204.4031162614003
0.5	0.010833333333333334	198.13771304413896
0.5	0.0125	189.93445694618393
0.5	0.014166666666666668	183.03840581252604
0.5	0.01583333333333333	177.12065830321956
0.5	0.0175	171.95944243431484
0.5	0.019166666666666665	167.39870478623578
0.5	0.020833333333333336	157.20078756596072
0.5	0.0225	142.9841208422865
0.5	0.02416666666666667	130.93748483323222
0.5	0.025833333333333333	120.61196433124601
0.5	0.0275	111.67292417595684
0.5	0.029166666666666667	103.86608519946911
0.5	0.030833333333333334	96.99495071963867
0.5	0.0325	90.90540118459485
0.5	0.034166666666666665	85.47494366409002
0.5	0.035833333333333335	80.60505953290811
0.5	0.0375	76.21566003488644
0.5	0.03916666666666667	72.24100446926191
0.5	0.04083333333333333	70.98636238581032
0.5	0.042499999999999996	70.98636238581032
0.5	0.04416666666666667	70.98636238581032
0.5	0.04583333333333334	70.98636238581032
0.5	0.0475	70.98636238581032
0.6	0.000010100000000000002	326.8429478388987
0.6	0.00002	326.8429478388987
0.6	0.00004500000000000001	326.8429478388987
0.6	0.00007500000000000001	326.8429478388987
0.6	0.000145	326.8429478388987
0.6	0.00035	326.8429478388987
0.6	0.00065	326.8429478388987
0.6	0.0009	326.8429478388987
0.6	0.00125	326.8429478388987
0.6	0.00175	326.8429478388987
0.6	0.0022500000000000003	326.8429478388987
0.6	0.00275	326.8429478388987
0.6	0.0032500000000000003	315.8489525364483
0.6	0.00375	297.10722826167887
0.6	0.00425	281.62880510039696
0.6	0.00475	268.551994362844
0.6	0.0052499999999999995	257.30498573732393
0.6	0.00575	247.49109432628265
0.6	0.00625	238.82514031900175
0.6	0.00675	231.09601972086676
0.6	0.0072499999999999995	224.14359475666964
0.6	0.00775	217.87870197392482
0.6	0.00825	212.1976499148223
0.6	0.00875	206.98635441998346
0.6	0.00925	202.18229199527025
0.6	0.00975	197.73408510254467
0.6	0.010833333333333334	189.12327458840764
0.6	0.0125	178.02542372496276
0.6	0.014166666666666668	168.85391715424512
0.6	0.01583333333333333	161.10097506873555
0.6	0.0175	154.429439291659
0.6	0.019166666666666665	148.60528836215295
0.6	0.020833333333333336	139.83239248029898
0.6	0.0225	128.97694185669613
0.6	0.02416666666666667	119.65350229383935
0.6	0.025833333333333333	111.56112041171309
0.6	0.0275	104.47259529764823
0.6	0.029166666666666667	98.21322798631533
0.6	0.030833333333333334	92.64651035891642
0.6	0.0325	87.66424807350073
0.6	0.034166666666666665	83.17959465391756
0.6	0.035833333333333335	79.12204333782698
0.6	0.0375	75.43376398029584
0.6	0.03916666666666667	72.06688195302276
0.6	0.04083333333333333	70.99847383822896
0.6	0.042499999999999996	70.99847383822896
0.6	0.04416666666666667	70.99847383822896
0.6	0.04583333333333334	70.99847383822896
0.6	0.0475	70.99847383822896
0.7	0.000010100000000000002	240.99944545473642
0.7	0.00002	240.99944545473642
0.7	0.00004500000000000001	240.99944545473642
0.7	0.00007500000000000001	240.99944545473642
0.7	0.000145	240.99944545473642
0.7	0.00035	240.99944545473642
0.7	0.00065	240.99901949712572
0.7	0.0009	240.9981897312013
0.7	0.00125	240.99735211050438
0.7	0.00175	240.99649417556157
0.7	0.0022500000000000003	240.99585337749338
0.7	0.00275	240.9953417113409
0.7	0.0032500000000000003	239.1722562586743
0.7	0.00375	235.9476212664686
0.7	0.00425	233.16285769333146
0.7	0.00475	230.71578382790292
0.7	0.0052499999999999995	228.53580864169155
0.7	0.00575	226.5721758308909
0.7	0.00625	224.78720011582786
0.7	0.00675	223.15215379333227
0.7	0.0072499999999999995	221.64464953890098
0.7	0.00775	217.8897348257558
0.7	0.00825	212.20277429397652
0.7	0.00875	206.9861930324393
0.7	0.00925	202.17737446681193
0.7	0.00975	197.72486582605381
0.7	0.010833333333333334	189.10601542351037
0.7	0.0125	177.99838560514092
0.7	0.014166666666666668	168.81931978200836
0.7	0.01583333333333333	161.06037655634452
0.7	0.0175	154.38397578751545
0.7	0.019166666666666665	148.55581382331684
0.7	0.020833333333333336	139.786626790608
0.7	0.0225	128.94048259194105
0.7	0.02416666666666667	119.62463483804396
0.7	0.025833333333333333	111.53851823392014
0.7	0.0275	104.45521566992427
0.7	0.029166666666666667	98.20023981026186
0.7	0.030833333333333334	92.63724306830984
0.7	0.0325	87.65815472918796
0.7	0.034166666666666665	83.17622481321618
0.7	0.035833333333333335	79.12102279198447
0.7	0.0375	75.43477940504462
0.7	0.03916666666666667	72.06966913089632
0.7	0.04083333333333333	71.00180528709788
0.7	0.042499999999999996	71.00180528709788
0.7	0.04416666666666667	71.00180528709788
0.7	0.04583333333333334	71.00180528709788
0.7	0.0475	71.00180528709788
0.8	0.000010100000000000002	250.95414411422615
0.8	0.00002	250.95414411422615
0.8	0.00004500000000000001	250.95414411422615
0.8	0.00007500000000000001	250.95414411422615
0.8	0.000145	250.95414411422615
0.8	0.00035	250.95414411422615
0.8	0.00065	250.9528625617141
0.8	0.0009	250.9503661082074
0.8	0.00125	250.9478460391155
0.8	0.00175	250.94526486965432
0.8	0.0022500000000000003	250.94333698607596
0.8	0.00275	250.94179761140347
0.8	0.0032500000000000003	248.16664108633913
0.8	0.00375	243.2826151297043
0.8	0.00425	239.0896692794914
0.8	0.00475	235.42430914322145
0.8	0.0052499999999999995	232.1741861138656
0.8	0.00575	229.2589010795607
0.8	0.00625	226.6190139708061
0.8	0.00675	224.20938900929752
0.8	0.0072499999999999995	221.99497739229304
0.8	0.00775	219.25156570521955
0.8	0.00825	216.0453796980333
0.8	0.00875	213.07074437242957
0.8	0.00925	210.29906865364998
0.8	0.00975	207.70660432895448
0.8	0.010833333333333334	202.61367019441118
0.8	0.0125	195.89583667749997
0.8	0.014166666666666668	190.20294506446385
0.8	0.01583333333333333	185.28296679481352
0.8	0.0175	180.96472875140412
0.8	0.019166666666666665	177.12700376710612
0.8	0.020833333333333336	166.1784058149806
0.8	0.0225	150.15634387094073
0.8	0.02416666666666667	136.6660451533207
0.8	0.025833333333333333	125.17142576809174
0.8	0.0275	115.27525489252561
0.8	0.029166666666666667	106.67737014968769
0.8	0.030833333333333334	99.1470306194663
0.8	0.0325	92.50414890852977
0.8	0.034166666666666665	86.6062592902461
0.8	0.035833333333333335	81.33928509738443
0.8	0.0375	76.61087907686785
0.8	0.03916666666666667	72.34554129270867
0.8	0.04083333333333333	71.00248779026795
0.8	0.042499999999999996	71.00248779026795
0.8	0.04416666666666667	71.00248779026795
0.8	0.04583333333333334	71.00248779026795
0.8	0.0475	71.00248779026795
0.9	0.000010100000000000002	320.7030734863295
0.9	0.00002	320.7030734863295
0.9	0.00004500000000000001	320.7030734863295
0.9	0.00007500000000000001	320.7030734863295
0.9	0.000145	320.7030734863295
0.9	0.00035	320.7030734863295
0.9	0.00065	320.7030734863295
0.9	0.0009	320.7030734863295
0.9	0.00125	320.7030734863295
0.9	0.00175	320.7030734863295
0.9	0.0022500000000000003	320.7030734863295
0.9	0.00275	320.7030734863295
0.9	0.0032500000000000003	310.42912218072735
0.9	0.00375	292.874586741919
0.9	0.00425	278.33631093350004
0.9	0.00475	266.02368235266687
0.9	0.0052499999999999995	255.41074051288183
0.9	0.00575	246.13179425665152
0.9	0.00625	237.9234171544134
0.9	0.00675	230.59025153695893
0.9	0.0072499999999999995	223.98385567702803
0.9	0.00775	217.87672076551496
0.9	0.00825	212.19677709628687
0.9	0.00875	206.9864731504227
0.9	0.00925	202.18330289967307
0.9	0.00975	197.73590292281295
0.9	0.010833333333333334	189.12660045591304
0.9	0.0125	178.0305836980844
0.9	0.014166666666666668	168.8604947750209
0.9	0.01583333333333333	161.1086780168421
0.9	0.0175	154.4380544204718
0.9	0.019166666666666665	148.61465547188652
0.9	0.020833333333333336	139.84162721192018
0.9	0.0225	128.9853667193647
0.9	0.02416666666666667	119.66123806887296
0.9	0.025833333333333333	111.56826332487043
0.9	0.0275	104.47922318519637
0.9	0.029166666666666667	98.21940465110652
0.9	0.030833333333333334	92.6522887163843
0.9	0.0325	87.66967246822124
0.9	0.034166666666666665	83.18470259499742
0.9	0.035833333333333335	79.12686681903548
0.9	0.0375	75.4383304982521
0.9	0.03916666666666667	72.07121530234515
0.9	0.04083333333333333	71.00273348665729
0.9	0.042499999999999996	71.00273348665729
0.9	0.04416666666666667	71.00273348665729
0.9	0.04583333333333334	71.00273348665729
0.9	0.0475	71.00273348665729
1.	0.000010100000000000002	250.98561688636423
1.	0.00002	250.98561688636423
1.	0.00004500000000000001	250.98561688636423
1.	0.00007500000000000001	250.98561688636423
1.	0.000145	250.98561688636423
1.	0.00035	250.98561688636423
1.	0.00065	250.98363000701022
1.	0.0009	250.9797595987804
1.	0.00125	250.97585259931472
1.	0.00175	250.9718508950182
1.	0.0022500000000000003	250.96886202428294
1.	0.00275	250.96647548265054
1.	0.0032500000000000003	248.1895409908059
1.	0.00375	243.30306313383917
1.	0.00425	239.10804467815075
1.	0.00475	235.44089764736225
1.	0.0052499999999999995	232.1892099072617
1.	0.00575	229.27253738184754
1.	0.00625	226.63140709039445
1.	0.00675	224.2206584925151
1.	0.0072499999999999995	222.005223720482
1.	0.00775	218.1543036569512
1.	0.00825	212.8996341251308
1.	0.00875	208.06991541410505
1.	0.00925	203.6092974222465
1.	0.00975	199.4718001843297
1.	0.010833333333333334	191.44187475546966
1.	0.0125	181.0507854557889
1.	0.014166666666666668	172.42567629375102
1.	0.01583333333333333	165.10644000731548
1.	0.0175	158.78636356606492
1.	0.019166666666666665	153.2518084491723
1.	0.020833333333333336	144.12928253209043
1.	0.0225	132.46236559648173
1.	0.02416666666666667	122.47675037920831
1.	0.025833333333333333	113.83761875103365
1.	0.0275	106.29302773478364
1.	0.029166666666666667	99.64984351678764
1.	0.030833333333333334	93.75758429571125
1.	0.0325	88.49730136841492
1.	0.034166666666666665	83.7737587235402
1.	0.035833333333333335	79.50982498767765
1.	0.0375	75.64238152239658
1.	0.03916666666666667	72.11928981163513
1.	0.04083333333333333	71.00282827007398
1.	0.042499999999999996	71.00282827007398
1.	0.04416666666666667	71.00282827007398
1.	0.04583333333333334	71.00282827007398
1.	0.0475	71.00282827007398
1.25	0.000010100000000000002	325.09847132760007
1.25	0.00002	325.09847132760007
1.25	0.00004500000000000001	325.09847132760007
1.25	0.00007500000000000001	325.09847132760007
1.25	0.000145	325.09847132760007
1.25	0.00035	325.09847132760007
1.25	0.00065	325.09847132760007
1.25	0.0009	325.09847132760007
1.25	0.00125	325.09847132760007
1.25	0.00175	325.09847132760007
1.25	0.0022500000000000003	325.09847132760007
1.25	0.00275	325.09847132760007
1.25	0.0032500000000000003	316.6933573707991
1.25	0.00375	302.204494813117
1.25	0.00425	290.0763077740046
1.25	0.00475	279.7077178010844
1.25	0.0052499999999999995	270.69498442628156
1.25	0.00575	262.75497932317137
1.25	0.00625	255.6821704591281
1.25	0.00675	249.32306046357752
1.25	0.0072499999999999995	243.56026071119132
1.25	0.00775	237.13928446104214
1.25	0.00825	230.17974356388837
1.25	0.00875	223.81650847986833
1.25	0.00925	217.96857131147277
1.25	0.00975	212.5695712122847
1.25	0.010833333333333334	202.1624161513991
1.25	0.0125	188.83856879378865
1.25	0.014166666666666668	177.9068054568633
1.25	0.01583333333333333	168.7245594501479
1.25	0.0175	160.86795032242597
1.25	0.019166666666666665	154.0444648172937
1.25	0.020833333333333336	144.88851727834222
1.25	0.0225	134.11111901837583
1.25	0.02416666666666667	124.82326061656586
1.25	0.025833333333333333	116.73626836437889
1.25	0.0275	109.63151641028766
1.25	0.029166666666666667	103.34039832790465
1.25	0.030833333333333334	97.73079827963751
1.25	0.0325	92.69772741996404
1.25	0.034166666666666665	88.15670254035815
1.25	0.035833333333333335	84.03897367521692
1.25	0.0375	80.28802513852769
1.25	0.03916666666666667	76.85697047320494
1.25	0.04083333333333333	75.76675554851218
1.25	0.042499999999999996	75.76675554851218
1.25	0.04416666666666667	75.76675554851218
1.25	0.04583333333333334	75.76675554851218
1.25	0.0475	75.76675554851218
1.5	0.000010100000000000002	325.1635715886388
1.5	0.00002	325.1635715886388
1.5	0.00004500000000000001	325.1635715886388
1.5	0.00007500000000000001	325.1635715886388
1.5	0.000145	325.1635715886388
1.5	0.00035	325.1635715886388
1.5	0.00065	325.1635715886388
1.5	0.0009	325.1635715886388
1.5	0.00125	325.1635715886388
1.5	0.00175	325.1635715886388
1.5	0.0022500000000000003	325.1635715886388
1.5	0.00275	325.1635715886388
1.5	0.0032500000000000003	314.3768780259123
1.5	0.00375	295.97629782110295
1.5	0.00425	280.7673790136898
1.5	0.00475	267.90914030733705
1.5	0.0052499999999999995	256.84310732993856
1.5	0.00575	247.1815965104254
1.5	0.00625	238.64573696029962
1.5	0.00675	231.0289855164943
1.5	0.0072499999999999995	224.17458796721093
1.5	0.00775	218.87172924165267
1.5	0.00825	214.88109123209227
1.5	0.00875	211.19182280624307
1.5	0.00925	207.76579821966314
1.5	0.00975	204.5714563325241
1.5	0.010833333333333334	198.3250898672973
1.5	0.0125	190.14558399649354
1.5	0.014166666666666668	183.26842934550527
1.5	0.01583333333333333	177.36608920018253
1.5	0.0175	172.21768076845396
1.5	0.019166666666666665	167.6677569478356
1.5	0.020833333333333336	157.44801353556377
1.5	0.0225	143.186362968734
1.5	0.02416666666666667	131.10345255665356
1.5	0.025833333333333333	120.7483102485195
1.5	0.0275	111.78481580683754
1.5	0.029166666666666667	103.95759577515496
1.5	0.030833333333333334	97.06933262568963
1.5	0.0325	90.96528128905696
1.5	0.034166666666666665	85.52246542548096
1.5	0.035833333333333335	80.64198809346762
1.5	0.0375	76.24346109052746
1.5	0.03916666666666667	72.26090425028855
1.5	0.04083333333333333	71.00384296375435
1.5	0.042499999999999996	71.00384296375435
1.5	0.04416666666666667	71.00384296375435
1.5	0.04583333333333334	71.00384296375435
1.5	0.0475	71.00384296375435
1.75	0.000010100000000000002	250.9976991599493
1.75	0.00002	250.9976991599493
1.75	0.00004500000000000001	250.9976991599493
1.75	0.00007500000000000001	250.9976991599493
1.75	0.000145	250.9976991599493
1.75	0.00035	250.9976991599493
1.75	0.00065	250.99767340271103
1.75	0.0009	250.99762322745758
1.75	0.00125	250.99757257706767
1.75	0.00175	250.99752069811643
1.75	0.0022500000000000003	250.9974819492235
1.75	0.00275	250.9974510088345
1.75	0.0032500000000000003	250.10350235206707
1.75	0.00375	248.5132460907134
1.75	0.00425	247.13062047020372
1.75	0.00475	245.9084132678902
1.75	0.0052499999999999995	244.8138097468105
1.75	0.00575	243.82308758756096
1.75	0.00625	242.91854754288568
1.75	0.00675	242.08663739856908
1.75	0.0072499999999999995	241.31675290835693
1.75	0.00775	238.43413588720742
1.75	0.00825	233.70533583794156
1.75	0.00875	229.3405669636731
1.75	0.00925	225.2932870003429
1.75	0.00975	221.52502523782505
1.75	0.010833333333333334	214.17151882652183
1.75	0.0125	204.5733295303193
1.75	0.014166666666666668	196.53159070774902
1.75	0.01583333333333333	189.651005991373
1.75	0.0175	183.66583737525258
1.75	0.019166666666666665	178.3895952153662
1.75	0.020833333333333336	167.40041389766094
1.75	0.0225	152.35731041039972
1.75	0.02416666666666667	139.60262823863255
1.75	0.025833333333333333	128.66402975830414
1.75	0.0275	119.18921878717995
1.75	0.029166666666666667	110.91035316514943
1.75	0.030833333333333334	103.6203516041739
1.75	0.0325	97.15671603040627
1.75	0.034166666666666665	91.39023674615416
1.75	0.035833333333333335	86.21694903464427
1.75	0.0375	81.55230288558519
1.75	0.03916666666666667	77.32686900885354
1.75	0.04083333333333333	75.99274903964081
1.75	0.042499999999999996	75.99274903964081
1.75	0.04416666666666667	75.99274903964081
1.75	0.04583333333333334	75.99274903964081
1.75	0.0475	75.99274903964081
2.	0.000010100000000000002	325.5678470822062
2.	0.00002	325.5678470822062
2.	0.00004500000000000001	325.5678470822062
2.	0.00007500000000000001	325.5678470822062
2.	0.000145	325.5678470822062
2.	0.00035	325.5678470822062
2.	0.00065	325.5678470822062
2.	0.0009	325.5678470822062
2.	0.00125	325.5678470822062
2.	0.00175	325.5678470822062
2.	0.0022500000000000003	325.5678470822062
2.	0.00275	325.5678470822062
2.	0.0032500000000000003	314.73446838285895
2.	0.00375	296.25696082107993
2.	0.00425	280.98716679129285
2.	0.00475	268.0794787679803
2.	0.0052499999999999995	256.97244003464544
2.	0.00575	247.27635217581707
2.	0.00625	238.71093090183652
2.	0.00675	231.0686104433576
2.	0.0072499999999999995	224.19187735550219
2.	0.00775	219.09888751081402
2.	0.00825	215.51668257014626
2.	0.00875	212.1988368642005
2.	0.00925	209.11232491764505
2.	0.00975	206.22975944556143
2.	0.010833333333333334	200.57942389788923
2.	0.0125	193.15223375351363
2.	0.014166666666666668	186.8818641084071
2.	0.01583333333333333	181.48075618064462
2.	0.0175	176.75426688476037
2.	0.019166666666666665	172.56496276626999
2.	0.020833333333333336	164.89651456959004
2.	0.0225	154.59015817024118
2.	0.02416666666666667	145.59822946357295
2.	0.025833333333333333	137.67869105236673
2.	0.0275	130.64610620802034
2.	0.029166666666666667	124.35591196186067
2.	0.030833333333333334	118.693678990438
2.	0.0325	113.5676015633761
2.	0.034166666666666665	108.9031354431041
2.	0.035833333333333335	104.6390977628938
2.	0.0375	100.72478282096043
2.	0.03916666666666667	97.1177970680653
2.	0.04083333333333333	95.96616120783166
2.	0.042499999999999996	95.96616120783166
2.	0.04416666666666667	95.96616120783166
2.	0.04583333333333334	95.96616120783166
2.	0.0475	95.96616120783166
2.25	0.000010100000000000002	329.2967682529283
2.25	0.00002	329.2967682529283
2.25	0.00004500000000000001	329.2967682529283
2.25	0.00007500000000000001	329.2967682529283
2.25	0.000145	329.2967682529283
2.25	0.00035	329.2967682529283
2.25	0.00065	329.2967682529283
2.25	0.0009	329.2967682529283
2.25	0.00125	329.2967682529283
2.25	0.00175	329.2967682529283
2.25	0.0022500000000000003	329.2967682529283
2.25	0.00275	329.2967682529283
2.25	0.0032500000000000003	321.56762147800225
2.25	0.00375	308.1987092986107
2.25	0.00425	296.96205568981645
2.25	0.00475	287.3209156547815
2.25	0.0052499999999999995	278.9134271810671
2.25	0.00575	271.48499469862116
2.25	0.00625	264.8502511251773
2.25	0.00675	258.8703853603911
2.25	0.0072499999999999995	253.43897740013998
2.25	0.00775	248.1758981350207
2.25	0.00825	243.05945463373993
2.25	0.00875	238.34054829984495
2.25	0.00925	233.96809136505388
2.25	0.00975	229.89988696975735
2.25	0.010833333333333334	221.9690575858229
2.25	0.0125	211.63371677532336
2.25	0.014166666666666668	202.9892209198019
2.25	0.01583333333333333	195.60409294989714
2.25	0.0175	189.1887210439848
2.25	0.019166666666666665	183.54014107776834
2.25	0.020833333333333336	172.50712544274356
2.25	0.0225	157.63708687332328
2.25	0.02416666666666667	144.9801571201271
2.25	0.025833333333333333	134.0861481023195
2.25	0.0275	124.61805889529272
2.25	0.029166666666666667	116.31880281666771
2.25	0.030833333333333334	108.98897866817038
2.25	0.0325	102.47164384349297
2.25	0.034166666666666665	96.64165093259028
2.25	0.035833333333333335	91.3980321768575
2.25	0.0375	86.658464302311
2.25	0.03916666666666667	82.3551813437369
2.25	0.04083333333333333	80.99442178049297
2.25	0.042499999999999996	80.99442178049297
2.25	0.04416666666666667	80.99442178049297
2.25	0.04583333333333334	80.99442178049297
2.25	0.0475	80.99442178049297
2.5	0.000010100000000000002	328.55117478906755
2.5	0.00002	328.55117478906755
2.5	0.00004500000000000001	328.55117478906755
2.5	0.00007500000000000001	328.55117478906755
2.5	0.000145	328.55117478906755
2.5	0.00035	328.55117478906755
2.5	0.00065	328.55117478906755
2.5	0.0009	328.55117478906755
2.5	0.00125	328.55117478906755
2.5	0.00175	328.55117478906755
2.5	0.0022500000000000003	328.55117478906755
2.5	0.00275	328.55117478906755
2.5	0.0032500000000000003	319.7725157894372
2.5	0.00375	304.6583975283026
2.5	0.00425	292.0256719321108
2.5	0.00475	281.23991633740434
2.5	0.0052499999999999995	271.8755654038511
2.5	0.00575	263.6345423377228
2.5	0.00625	256.3006964453359
2.5	0.00675	249.71275819400879
2.5	0.0072499999999999995	243.74750603436598
2.5	0.00775	238.87223793784136
2.5	0.00825	234.92751472165526
2.5	0.00875	231.27449597637658
2.5	0.00925	227.8766998433614
2.5	0.00975	224.70387738320662
2.5	0.010833333333333334	218.48589607655668
2.5	0.0125	210.31526004444623
2.5	0.014166666666666668	203.4197123250052
2.5	0.01583333333333333	197.48197055142583
2.5	0.0175	192.28734168400482
2.5	0.019166666666666665	187.68427897790002
2.5	0.020833333333333336	178.9522728963536
2.5	0.0225	167.11310629694108
2.5	0.02416666666666667	156.8227331120425
2.5	0.025833333333333333	147.7913573203694
2.5	0.0275	139.79773654564025
2.5	0.029166666666666667	132.66996385912802
2.5	0.030833333333333334	126.2723873297123
2.5	0.0325	120.49649215935429
2.5	0.034166666666666665	115.25440982131893
2.5	0.035833333333333335	110.47421008124864
2.5	0.0375	106.09642855169764
2.5	0.03916666666666667	102.0714666530627
2.5	0.04083333333333333	100.78826897619294
2.5	0.042499999999999996	100.78826897619294
2.5	0.04416666666666667	100.78826897619294
2.5	0.04583333333333334	100.78826897619294
2.5	0.0475	100.78826897619294
2.75	0.000010100000000000002	330.0687982381226
2.75	0.00002	330.0687982381226
2.75	0.00004500000000000001	330.0687982381226
2.75	0.00007500000000000001	330.0687982381226
2.75	0.000145	330.0687982381226
2.75	0.00035	330.0687982381226
2.75	0.00065	330.0687982381226
2.75	0.0009	330.0687982381226
2.75	0.00125	330.0687982381226
2.75	0.00175	330.0687982381226
2.75	0.0022500000000000003	330.0687982381226
2.75	0.00275	330.0687982381226
2.75	0.0032500000000000003	322.26300018275595
2.75	0.00375	308.7649128661956
2.75	0.00425	297.4231419765969
2.75	0.00475	287.6944215484637
2.75	0.0052499999999999995	279.2125938125698
2.75	0.00575	271.72010374319876
2.75	0.00625	265.0294707876946
2.75	0.00675	259.00032930535986
2.75	0.0072499999999999995	253.52508728151184
2.75	0.00775	250.59549996914814
2.75	0.00825	249.88648800520798
2.75	0.00875	249.22103993413342
2.75	0.00925	248.594207945155
2.75	0.00975	248.00183708701002
2.75	0.010833333333333334	246.82050957107168
2.75	0.0125	245.22503484669673
2.75	0.014166666666666668	243.83801046164285
2.75	0.01583333333333333	242.61202261521046
2.75	0.0175	241.5141194235766
2.75	0.019166666666666665	240.5204813254341
2.75	0.020833333333333336	228.00631929114638
2.75	0.0225	206.90820778910256
2.75	0.02416666666666667	189.07029426552342
2.75	0.025833333333333333	173.81256977359334
2.75	0.0275	160.62919440129477
2.75	0.029166666666666667	149.13654623225943
2.75	0.030833333333333334	139.03872089741927
2.75	0.0325	130.10403031421623
2.75	0.034166666666666665	122.14863112612554
2.75	0.035833333333333335	115.02489046161676
2.75	0.0375	108.61296957151939
2.75	0.03916666666666667	102.81463688484797
2.75	0.04083333333333333	100.98592443397871
2.75	0.042499999999999996	100.98592443397871
2.75	0.04416666666666667	100.98592443397871
2.75	0.04583333333333334	100.98592443397871
2.75	0.0475	100.98592443397871
3.	0.000010100000000000002	329.06912681660964
3.	0.00002	329.06912681660964
3.	0.00004500000000000001	329.06912681660964
3.	0.00007500000000000001	329.06912681660964
3.	0.000145	329.06912681660964
3.	0.00035	329.06912681660964
3.	0.00065	329.06912681660964
3.	0.0009	329.06912681660964
3.	0.00125	329.06912681660964
3.	0.00175	329.06912681660964
3.	0.0022500000000000003	329.06912681660964
3.	0.00275	329.06912681660964
3.	0.0032500000000000003	322.42740243731333
3.	0.00375	310.88557672915596
3.	0.00425	301.1297520194455
3.	0.00475	292.7174935912677
3.	0.0052499999999999995	285.349001912834
3.	0.00575	278.81239108645565
3.	0.00625	272.95276061460214
3.	0.00675	267.6536832541511
3.	0.0072499999999999995	262.8255953901235
3.	0.00775	259.1139893967521
3.	0.00825	256.3685534944979
3.	0.00875	253.81128684561602
3.	0.00925	251.41959138836663
3.	0.00975	249.17462624219817
3.	0.010833333333333334	244.7416078804399
3.	0.0125	238.8467073147152
3.	0.014166666666666668	233.8072553531191
3.	0.01583333333333333	229.4182674708488
3.	0.0175	225.53941919242175
3.	0.019166666666666665	222.07063068005365
3.	0.020833333333333336	211.59414853910536
3.	0.0225	195.8273451814394
3.	0.02416666666666667	182.24151127709175
3.	0.025833333333333333	170.4137424657686
3.	0.0275	160.0237947165192
3.	0.029166666666666667	150.82472208449687
3.	0.030833333333333334	142.6230454528199
3.	0.0325	135.26502844811168
3.	0.034166666666666665	128.6269736518115
3.	0.035833333333333335	122.60822922051169
3.	0.0375	117.12606205660629
3.	0.03916666666666667	112.11184112275969
3.	0.04083333333333333	110.51866085997159
3.	0.042499999999999996	110.51866085997159
3.	0.04416666666666667	110.51866085997159
3.	0.04583333333333334	110.51866085997159
3.	0.0475	110.51866085997159
3.2499999999999996	0.000010100000000000002	329.90114957901415
3.2499999999999996	0.00002	329.90114957901415
3.2499999999999996	0.00004500000000000001	329.90114957901415
3.2499999999999996	0.00007500000000000001	329.90114957901415
3.2499999999999996	0.000145	329.90114957901415
3.2499999999999996	0.00035	329.90114957901415
3.2499999999999996	0.00065	329.90114957901415
3.2499999999999996	0.0009	329.90114957901415
3.2499999999999996	0.00125	329.90114957901415
3.2499999999999996	0.00175	329.90114957901415
3.2499999999999996	0.0022500000000000003	329.90114957901415
3.2499999999999996	0.00275	329.90114957901415
3.2499999999999996	0.0032500000000000003	322.11111431567286
3.2499999999999996	0.00375	308.6395990046348
3.2499999999999996	0.00425	297.3194598242427
3.2499999999999996	0.00475	287.6087690314455
3.2499999999999996	0.0052499999999999995	279.14225058441303
3.2499999999999996	0.00575	271.66295700639796
3.2499999999999996	0.00625	264.98384169236414
3.2499999999999996	0.00675	258.96485823782774
3.2499999999999996	0.0072499999999999995	253.49865534597413
3.2499999999999996	0.00775	250.56570127137852
3.2499999999999996	0.00825	249.84240143790117
3.2499999999999996	0.00875	249.1635812892442
3.2499999999999996	0.00925	248.52418686192033
3.2499999999999996	0.00975	247.91997428683408
3.2499999999999996	0.010833333333333334	246.7151191343484
3.2499999999999996	0.0125	245.08805443901042
3.2499999999999996	0.014166666666666668	243.67374192052176
3.2499999999999996	0.01583333333333333	242.4237701053104
3.2499999999999996	0.0175	241.30449748069057
3.2499999999999996	0.019166666666666665	240.29160838603644
3.2499999999999996	0.020833333333333336	229.02574022209618
3.2499999999999996	0.0225	209.98063839254692
3.2499999999999996	0.02416666666666667	193.71792408549592
3.2499999999999996	0.025833333333333333	179.6785013233933
3.2499999999999996	0.0275	167.44258006960345
3.2499999999999996	0.029166666666666667	156.68901392005435
3.2499999999999996	0.030833333333333334	147.1680570501748
3.2499999999999996	0.0325	138.68265253406324
3.2499999999999996	0.034166666666666665	131.07529555985954
3.2499999999999996	0.035833333333333335	124.21862915132589
3.2499999999999996	0.0375	118.00859351999101
3.2499999999999996	0.03916666666666667	112.35935672169803
3.2499999999999996	0.04083333333333333	110.5707471525628
3.2499999999999996	0.042499999999999996	110.5707471525628
3.2499999999999996	0.04416666666666667	110.5707471525628
3.2499999999999996	0.04583333333333334	110.5707471525628
3.2499999999999996	0.0475	110.5707471525628
3.5000000000000004	0.000010100000000000002	330.29753936865825
3.5000000000000004	0.00002	330.29753936865825
3.5000000000000004	0.00004500000000000001	330.29753936865825
3.5000000000000004	0.00007500000000000001	330.29753936865825
3.5000000000000004	0.000145	330.29753936865825
3.5000000000000004	0.00035	330.29753936865825
3.5000000000000004	0.00065	330.29753936865825
3.5000000000000004	0.0009	330.29753936865825
3.5000000000000004	0.00125	330.29753936865825
3.5000000000000004	0.00175	330.29753936865825
3.5000000000000004	0.0022500000000000003	330.29753936865825
3.5000000000000004	0.00275	330.29753936865825
3.5000000000000004	0.0032500000000000003	322.4672287430746
3.5000000000000004	0.00375	308.9278678560113
3.5000000000000004	0.00425	297.55254712743005
3.5000000000000004	0.00475	287.7959024740689
3.5000000000000004	0.0052499999999999995	279.29039492546343
3.5000000000000004	0.00575	271.77751851642574
3.5000000000000004	0.00625	265.0691139899579
3.5000000000000004	0.00675	259.02431676779764
3.5000000000000004	0.0072499999999999995	253.5351588686577
3.5000000000000004	0.00775	249.51178832300945
3.5000000000000004	0.00825	246.75142323764862
3.5000000000000004	0.00875	244.18143013771356
3.5000000000000004	0.00925	241.77887168892258
3.5000000000000004	0.00975	239.52463245893327
3.5000000000000004	0.010833333333333334	235.0759550678421
3.5000000000000004	0.0125	229.16577947871417
3.5000000000000004	0.014166666666666668	224.1183932513412
3.5000000000000004	0.01583333333333333	219.7264234532669
3.5000000000000004	0.0175	215.84804030295473
3.5000000000000004	0.019166666666666665	212.38217261355726
3.5000000000000004	0.020833333333333336	202.3344678435354
3.5000000000000004	0.0225	187.32190189308287
3.5000000000000004	0.02416666666666667	174.38168999273245
3.5000000000000004	0.025833333333333333	163.1125244785332
3.5000000000000004	0.0275	153.21042090368366
3.5000000000000004	0.029166666666666667	144.4409032887728
3.5000000000000004	0.030833333333333334	136.620212509099
3.5000000000000004	0.0325	129.6022981025358
3.5000000000000004	0.034166666666666665	123.2696182751523
3.5000000000000004	0.035833333333333335	117.5265079746158
3.5000000000000004	0.0375	112.29431591315799
3.5000000000000004	0.03916666666666667	107.50778350994015
3.5000000000000004	0.04083333333333333	105.98675065692304
3.5000000000000004	0.042499999999999996	105.98675065692304
3.5000000000000004	0.04416666666666667	105.98675065692304
3.5000000000000004	0.04583333333333334	105.98675065692304
3.5000000000000004	0.0475	105.98675065692304
3.75	0.000010100000000000002	330.6013568440231
3.75	0.00002	330.6013568440231
3.75	0.00004500000000000001	330.6013568440231
3.75	0.00007500000000000001	330.6013568440231
3.75	0.000145	330.6013568440231
3.75	0.00035	330.6013568440231
3.75	0.00065	330.6013568440231
3.75	0.0009	330.6013568440231
3.75	0.00125	330.6013568440231
3.75	0.00175	330.6013568440231
3.75	0.0022500000000000003	330.6013568440231
3.75	0.00275	330.6013568440231
3.75	0.0032500000000000003	323.7715405149209
3.75	0.00375	311.91085758399123
3.75	0.00425	301.8936722522424
3.75	0.00475	293.2622390347725
3.75	0.0052499999999999995	285.70661103968615
3.75	0.00575	279.00787353225763
3.75	0.00625	273.0060816123163
3.75	0.00675	267.58108085828974
3.75	0.0072499999999999995	262.64048585587557
3.75	0.00775	258.8943561692414
3.75	0.00825	256.1815842536668
3.75	0.00875	253.6544523515268
3.75	0.00925	251.29068441170352
3.75	0.00975	249.0717060032923
3.75	0.010833333333333334	244.68934755095182
3.75	0.0125	238.86044305262948
3.75	0.014166666666666668	233.87614316667802
3.75	0.01583333333333333	229.53421627704375
3.75	0.0175	225.696190736903
3.75	0.019166666666666665	222.2632880262777
3.75	0.020833333333333336	211.25569265470256
3.75	0.0225	194.57694098936116
3.75	0.02416666666666667	180.27180013970127
3.75	0.025833333333333333	167.8714425923518
3.75	0.0275	157.022391640258
3.75	0.029166666666666667	147.45318155557288
3.75	0.030833333333333334	138.95193253284495
3.75	0.0325	131.35089141534772
3.75	0.034166666666666665	124.51554066411866
3.75	0.035833333333333335	118.33677622956928
3.75	0.0375	112.72519177012043
3.75	0.03916666666666667	107.6068366316331
3.75	0.04083333333333333	105.98351141577459
3.75	0.042499999999999996	105.98351141577459
3.75	0.04416666666666667	105.98351141577459
3.75	0.04583333333333334	105.98351141577459
3.75	0.0475	105.98351141577459
4.	0.000010100000000000002	326.4476727731371
4.	0.00002	326.4476727731371
4.	0.00004500000000000001	326.4476727731371
4.	0.00007500000000000001	326.4476727731371
4.	0.000145	326.4476727731371
4.	0.00035	326.4476727731371
4.	0.00065	326.4476727731371
4.	0.0009	326.4476727731371
4.	0.00125	326.4476727731371
4.	0.00175	326.4476727731371
4.	0.0022500000000000003	326.4476727731371
4.	0.00275	326.4476727731371
4.	0.0032500000000000003	320.0791509391201
4.	0.00375	309.0014919950596
4.	0.00425	299.6271908918416
4.	0.00475	291.5356861174189
4.	0.0052499999999999995	284.44170304439956
4.	0.00575	278.1434346521476
4.	0.00625	272.4932255586033
4.	0.00675	267.3800098413851
4.	0.0072499999999999995	262.71828860857954
4.	0.00775	258.2720462010348
4.	0.00825	254.0112452477311
4.	0.00875	250.06545740358175
4.	0.00925	246.39529012263412
4.	0.00975	242.9680805611797
4.	0.010833333333333334	236.2514177307707
4.	0.0125	227.42520176900524
4.	0.014166666666666668	219.97611212735941
4.	0.01583333333333333	213.56151164052943
4.	0.0175	207.9495430541148
4.	0.019166666666666665	202.97653905143392
4.	0.020833333333333336	194.24968664924145
4.	0.0225	182.66291832366295
4.	0.02416666666666667	172.52418960173927
4.	0.025833333333333333	163.57021694708132
4.	0.0275	155.5987299384384
4.	0.029166666666666667	148.4516363779971
4.	0.030833333333333334	142.003495523133
4.	0.0325	136.15343826409133
4.	0.034166666666666665	130.8193849497598
4.	0.035833333333333335	125.9338305958972
4.	0.0375	121.44072156739978
4.	0.03916666666666667	117.29310649945853
4.	0.04083333333333333	115.96734328334168
4.	0.042499999999999996	115.96734328334168
4.	0.04416666666666667	115.96734328334168
4.	0.04583333333333334	115.96734328334168
4.	0.0475	115.96734328334168