0.020000000000000004	0.06195121926376273
0.022000000000000006	0.05849115874528379
0.024000000000000004	0.05550139069583429
0.026000000000000002	0.0528862101456792
0.028000000000000004	0.050574919903359904
0.030000000000000006	0.04851404569489342
0.032	0.04666231469604783
0.034	0.04498731021220429
0.036000000000000004	0.04346318016573444
0.038000000000000006	0.042069028974023884
0.04000000000000001	0.04078776475709952
0.042	0.03960525723893807
0.044000000000000004	0.038509712183635525
0.046000000000000006	0.03749119962511787
0.048	0.03654129320288806
0.05	0.03565279100955947
0.052000000000000005	0.03415683617828306
0.054000000000000006	0.0327766374154447
0.05600000000000001	0.03149942990798052
0.058	0.030314247430381375
0.060000000000000005	0.029211617499437997
0.062000000000000006	0.028183316351493615
0.064	0.027222170502474687
0.066	0.026321894893073745
0.068	0.025476959997749005
0.07	0.024682482036005753
0.07200000000000001	0.02393413174033623
0.07400000000000001	0.023228058128142832
0.07600000000000001	0.022560824480621647
0.07800000000000001	0.021929354311274924
0.08	0.021330885554794937
0.082	0.020762931555880604
0.084	0.020223247710935897
0.08600000000000001	0.01970980283123968
0.08800000000000001	0.019220754467303952
0.09000000000000001	0.018754427570721648
0.09200000000000001	0.018309295979420152
0.094	0.01788396630066546
0.096	0.017477163837857305
0.098	0.017087720265557806
0.1	0.016714562804989983
0.10200000000000001	0.016065064682261796
0.10400000000000001	0.015452693154526942
0.10600000000000001	0.01487467187472137
0.108	0.014328479230427406
0.11	0.013811820804361037
0.112	0.013322605246720987
0.114	0.012858923084743925
0.116	0.012419028067824689
0.11800000000000001	0.012001320707306631
0.12000000000000001	0.011604333720753578
0.12200000000000001	0.011226719132977406
0.12400000000000001	0.010867236821765245
0.126	0.010524744326302514
0.128	0.010198187761682864
0.13	0.009886593704412817
0.132	0.009589061932101708
0.134	0.009304758916100747
0.136	0.00903291197915599
0.138	0.008772804041526683
0.14	0.008523768888792188
0.14200000000000002	0.008285186902976251
0.14400000000000002	0.008056481205862994
0.14600000000000002	0.007837114169639291
0.14800000000000002	0.007626584255418195
0.15000000000000002	0.007424423144899992
0.15200000000000002	0.007230193134515016
0.15400000000000003	0.007043484764952292
0.15600000000000003	0.0068639146620847755
0.15800000000000003	0.006691123568017563
0.16000000000000003	0.00652477454336406
0.16200000000000003	0.006364551323941602
0.16400000000000003	0.006210156816911706
0.16599999999999998	0.0060613117230042465
0.16799999999999998	0.0059177532728879965
0.16999999999999998	0.005779234067006403
0.172	0.0056455210093090315
0.174	0.005516394326293333
0.176	0.005391646663644518
0.178	0.005271082253536961
0.18	0.005154516146350256
0.182	0.005041773501167751
0.184	0.004932688929973093
0.186	0.0048271058909501435
0.188	0.00472487612672884
0.19	0.0046258591438116965
0.192	0.004529921729766683
0.194	0.004436937505087392
0.196	0.004346786506904695
0.198	0.0042593548019886724
0.2	0.004174534126709052
0.202	0.004092221551829174
0.20400000000000001	0.004012319170195034
0.20600000000000002	0.00393473380554958
0.20800000000000002	0.0038593767408548574
0.21000000000000002	0.0037861634646425995
0.21200000000000002	0.003715013434038835
0.21400000000000002	0.003645849853221579
0.21600000000000003	0.003578599466173528
0.21800000000000003	0.0035131923626852846
0.22000000000000003	0.00344956179664968
0.22200000000000003	0.003387644015765251
0.22400000000000003	0.003327378101837412
0.22600000000000003	0.003268705820930358
0.22800000000000004	0.0032115714826812377
0.22999999999999998	0.003155921808142039
0.23199999999999998	0.0031017058055634143
0.23399999999999999	0.0030488746535797407
0.236	0.002997381591295628
0.238	0.0029471818148118535
0.24	0.0028982323797631313
0.242	0.0028504921094718205
0.244	0.002803921508350797
0.246	0.002758482680215422
0.248	0.002714139251189072
0.25	0.0026708562969094693
0.252	0.002616713906427541
0.254	0.0025640841515160153
0.256	0.002512913355575116
0.258	0.002463150145613891
0.26	0.0024147453365314727
0.262	0.0023676518220452267
0.264	0.002321824471836761
0.266	0.0022772200345175493
0.268	0.0022337970460441334
0.27	0.0021915157432389914
0.272	0.002150337982097192
0.274	0.002110227160581177
0.276	0.0020711481456265495
0.278	0.002033067204100715
0.28	0.0019959519374737316
0.28200000000000003	0.0019597712199770434
0.28400000000000003	0.0019244951400407267
0.28600000000000003	0.0018900949448138692
0.28800000000000003	0.0018565429875855744
0.29000000000000004	0.0018238126779361176
0.29200000000000004	0.001791878434458805
0.29400000000000004	0.0017607156399035429
0.29600000000000004	0.0017303005986025407
0.29800000000000004	0.001700610496047677
0.30000000000000004	0.0016716233604971572
0.30200000000000005	0.0016433180264969305
0.30400000000000005	0.0016156741002094743
0.30600000000000005	0.0015886719264492065
0.30800000000000005	0.001562292557330041
0.31	0.0015365177224364274
0.312	0.0015113298004345622
0.314	0.0014867117920455883
0.316	0.0014626472943072553
0.318	0.0014391204760549395
0.32	0.0014161160545570367
0.322	0.0013936192732435676
0.324	0.0013716158804704726
0.326	0.001350092109265373
0.328	0.0013290346580037676
0.33	0.0013084306719675777
0.332	0.001288267725740698
0.334	0.0012685338063987937
0.336	0.0012492172974530285
0.338	0.001230306963509665
0.34	0.001211791935609611
0.342	0.0011936616972140052
0.34400000000000003	0.0011759060708037795
0.34600000000000003	0.0011585152050629386
0.34800000000000003	0.001141479562616929
0.35000000000000003	0.0011247899082990425
0.35200000000000004	0.001108437297919233
0.35400000000000004	0.0010924130675111741
0.35600000000000004	0.0010767088230345815
0.35800000000000004	0.001061316430511146
0.36000000000000004	0.0010462280065734754
0.36200000000000004	0.0010314359094076297
0.36400000000000005	0.0010169327300707405
0.36600000000000005	0.0010027112841662614
0.36800000000000005	0.0009887646038602557
0.37000000000000005	0.0009750859302229785
0.372	0.0009616687058808389
0.374	0.000948506567964579
0.376	0.0009355933413402139
0.378	0.0009229230321099697
0.38	0.0009104898213710968
0.382	0.0008982880592210226
0.384	0.0008863122589979043
0.386	0.000874557091746166
0.388	0.0008630173808971235
0.39	0.0008516880971552815
0.392	0.0008405643535813455
0.394	0.0008296414008634245
0.396	0.0008189146227683146
0.398	0.0008083795317651353
0.4	0.0007980317648139624
0.402	0.0007878670793124526
0.404	0.0007778813491937786
0.406	0.0007680705611695179
0.40800000000000003	0.0007584308111114207
0.41000000000000003	0.0007489583005662829
0.41200000000000003	0.0007396493333983984
0.41400000000000003	0.000730500312554336
0.41600000000000004	0.0007215077369450159
0.41800000000000004	0.0007126681984402968
0.42000000000000004	0.0007039783789714936
0.42200000000000004	0.0006954350477374682
0.42400000000000004	0.0006870350585101119
0.42600000000000005	0.0006787753470352383
0.42800000000000005	0.0006706529285250855
0.43000000000000005	0.0006626648952387795
0.43200000000000005	0.0006548084141472912
0.43400000000000005	0.0006470807246795508
0.43600000000000005	0.0006394791365465578
0.438	0.0006320010276404214
0.44	0.0006246438420054494
0.442	0.0006174050878784791
0.444	0.0006102823357958001
0.446	0.0006032732167641151
0.448	0.0005963754204930928
0.45	0.0005895866936871855
0.452	0.0005829048383944586
0.454	0.0005763277104102981
0.456	0.0005698532177339377
0.458	0.0005634793190758266
0.46	0.0005572040224139681
0.462	0.0005510253835973979
0.464	0.0005449415049950828
0.466	0.0005389505341885671
0.468	0.0005330506627067695
0.47000000000000003	0.0005272401248014033
0.47200000000000003	0.0005215171962615434
0.47400000000000003	0.0005158801932659333
0.47600000000000003	0.0005103274712716802
0.47800000000000004	0.0005048574239380288
0.48000000000000004	0.0004994684820839727
0.48200000000000004	0.0004941591126785047
0.48400000000000004	0.0004889278178623473
0.48600000000000004	0.00048377313400006116
0.48800000000000004	0.00047869363076147135
0.49000000000000005	0.0004736879102313794
0.49200000000000005	0.00046875460604658894
0.49400000000000005	0.00046389238255929504
0.49600000000000005	0.0004590999340259282
0.49800000000000005	0.0004543759838205845
0.5	0.00044971928367219674
0.502	0.0004443054771054752
0.504	0.00043897798195065735
0.506	0.00043373508779940987
0.508	0.0004285751247119837
0.51	0.000423496462105396
0.512	0.0004184975076763643
0.514	0.0004135767063577766
0.516	0.0004087325393075247
0.518	0.00040396352292858533
0.52	0.00039926820791925423
0.522	0.00039464517835250784
0.524	0.00039009305078348115
0.526	0.0003856104733841033
0.528	0.0003811961251039693
0.53	0.0003768487148565507
0.532	0.0003725669807298894
0.534	0.00036834968922095545
0.536	0.0003641956344928629
0.538	0.00036010363765419146
0.54	0.00035607254605966556
0.542	0.0003521012326314917
0.544	0.000348188595200663
0.546	0.0003443335558675764
0.548	0.0003405350603813272
0.55	0.00033679207753707044
0.552	0.0003331035985908571
0.554	0.00032946863669138367
0.556	0.0003258862263280966
0.558	0.00032235542279513823
0.56	0.0003188753016706129
0.562	0.00031544495831068684
0.5640000000000001	0.0003120635073580497
0.5660000000000001	0.0003087300822642816
0.5680000000000001	0.0003054438348256784
0.5700000000000001	0.0003022039347321194
0.5720000000000001	0.0002990095691285607
0.5740000000000001	0.0002958599421887587
0.5760000000000001	0.0002927542747008431
0.5780000000000001	0.0002896918036643739
0.5800000000000001	0.00028667178189851426
0.5820000000000001	0.0002836934776609903
0.5840000000000001	0.0002807561742774927
0.5860000000000001	0.00027785916978120937
0.5880000000000001	0.000275001776562169
0.5900000000000001	0.00027218332102610447
0.5920000000000001	0.000269403143262544
0.5940000000000001	0.00026666059672184565
0.5960000000000001	0.0002639550479009138
0.598	0.00026128587603732796
0.6	0.0002586524728116356
0.602	0.00025605424205756716
0.604	0.0002534905994799268
0.606	0.0002509609723799471
0.608	0.0002484647993878695
0.61	0.0002460015302025503
0.612	0.00024357062533787867
0.614	0.00024117155587580715
0.616	0.00023880380322580666
0.618	0.00023646685889054965
0.62	0.00023416022423765196
0.622	0.0002318834102772854
0.624	0.00022963593744550404
0.626	0.00022741733539310803
0.628	0.00022522714277989808
0.63	0.0002230649070741534
0.632	0.00022093018435719887
0.634	0.00021882253913290181
0.636	0.00021674154414197275
0.638	0.00021468678018092194
0.64	0.00021265783592555243
0.642	0.00021065430775885123
0.644	0.00020867579960316535
0.646	0.00020672192275653743
0.648	0.00020479229573308467
0.65	0.00020288654410731486
0.652	0.00020100430036226445
0.654	0.00019914520374135622
0.656	0.00019730890010387621
0.658	0.00019549504178396676
0.66	0.0001937032874530414
0.662	0.00019193330198553164
0.664	0.00019018475632786867
0.666	0.00018845732737062096
0.668	0.00018675069782369289
0.67	0.00018506455609451132
0.672	0.00018339859616911406
0.674	0.00018175251749606415
0.676	0.00018012602487311655
0.678	0.00017851882833656244
0.68	0.00017693064305317739
0.682	0.00017536118921471225
0.684	0.00017381019193485263
0.686	0.00017227738114858283
0.6880000000000001	0.000170762491513898
0.6900000000000001	0.0001692652623157934
0.6920000000000001	0.0001677854373724796
0.6940000000000001	0.000166322764943761
0.6960000000000001	0.0001648769976415239
0.6980000000000001	0.00016344789234227933
0.7000000000000001	0.00016203521010170653
0.7020000000000001	0.00016063871607114837
0.7040000000000001	0.00015925817941600566
0.7060000000000001	0.0001578933732359836
0.7080000000000001	0.00015654407448714375
0.7100000000000001	0.00015521006390571427
0.7120000000000001	0.00015389112593361447
0.7140000000000001	0.00015258704864565197
0.7160000000000001	0.00015129762367834603
0.7180000000000001	0.00015002264616034315
0.7200000000000001	0.00014876191464437743
0.7220000000000001	0.0001475152310407435
0.724	0.0001462824005522399
0.726	0.0001450632316105495
0.728	0.00014385753581401954
0.73	0.00014266512786680768
0.732	0.00014148582551936002
0.734	0.0001403194495101873
0.736	0.00013916582350891139
0.738	0.00013802477406054525
0.74	0.00013689613053098192
0.742	0.00013577972505365887
0.744	0.00013467539247737217
0.746	0.00013358297031521127
0.748	0.00013250229869458775
0.75	0.00013143322030833142
0.752	0.00013025823749031988
0.754	0.00012909683782802987
0.756	0.00012794882888884337
0.758	0.00012681402146530989
0.76	0.0001256922295127741
0.762	0.00012458327008836985
0.764	0.0001234869632913471
0.766	0.000122403132204697
0.768	0.00012133160283804945
0.77	0.00012027220407180492
0.772	0.00011922476760247748
0.774	0.00011818912788921365
0.776	0.00011716512210146397
0.778	0.00011615259006777591
0.78	0.00011515137422568378
0.782	0.0001141613195726671
0.784	0.00011318227361815452
0.786	0.00011221408633654564
0.788	0.00011125661012123002
0.79	0.00011030969973957475
0.792	0.00010937321228886509
0.794	0.00010844700715316669
0.796	0.00010753094596109649
0.798	0.00010662489254447461
0.8	0.00010572871289784052
0.802	0.00010484227513881059
0.804	0.00010396544946925993
0.806	0.00010309810813730793
0.808	0.00010224012540008852
0.81	0.0001013913774872895
0.812	0.00010055174256543923
0.8140000000000001	0.00009972110070292787
0.8160000000000001	0.00009889933383574306
0.8180000000000001	0.00009808632573390476
0.8200000000000001	0.00009728196196858537
0.8220000000000001	0.00009648612987989481
0.8240000000000001	0.00009569871854532052
0.8260000000000001	0.00009491961874880513
0.8280000000000001	0.00009414872295044596
0.8300000000000001	0.00009338592525680652
0.8320000000000001	0.00009263112139182185
0.8340000000000001	0.00009188420866828731
0.8360000000000001	0.00009114508595991629
0.8380000000000001	0.00009041365367395503
0.8400000000000001	0.00008968981372434138
0.8420000000000001	0.00008897346950539641
0.8440000000000001	0.00008826452586603584
0.8460000000000001	0.00008756288908449036
0.8480000000000001	0.00008686846684352516
0.8500000000000001	0.00008618116820614371
0.8520000000000001	0.00008550090359177027
0.854	0.00008482758475289615
0.856	0.00008416112475218305
0.858	0.00008350143794001029
0.86	0.00008284843993245993
0.862	0.0000822020475897264
0.864	0.00008156217899494541
0.866	0.00008092875343342873
0.868	0.00008030169137230064
0.87	0.00007968091444052437
0.872	0.00007906634540931002
0.874	0.00007845790817289878
0.876	0.00007785552772971165
0.878	0.000077259130163858
0.88	0.00007666864262699413
0.882	0.00007608399332052549
0.884	0.00007550511147814576
0.886	0.00007493192734870414
0.888	0.00007436437217939534
0.89	0.00007380237819926483
0.892	0.00007324587860302277
0.894	0.00007269480753516061
0.896	0.00007214910007436363
0.898	0.00007160869221821295
0.9	0.00007107352086817199
0.902	0.0000705435238148504
0.904	0.00007001863972354075
0.906	0.00006949880812002113
0.908	0.00006898396937661943
0.91	0.00006847406469853339
0.912	0.00006796903611040057
0.914	0.0000674688264431141
0.916	0.00006697337932087924
0.918	0.00006648263914850474
0.92	0.00006599655109892468
0.922	0.00006551506110094738
0.924	0.0000650381158272252
0.926	0.00006456566268244066
0.928	0.00006409764979170621
0.93	0.00006363402598917177
0.932	0.00006317474080683684
0.934	0.00006271974446356148
0.936	0.00006226898785427559
0.9380000000000001	0.00006182242253937764
0.9400000000000001	0.00006138000073432402
0.9420000000000001	0.000060941675299401804
0.9440000000000001	0.0000605073997296826
0.9460000000000001	0.00006007712814515387
0.9480000000000001	0.00005965081528102442
0.9500000000000001	0.00005922841647819959
0.9520000000000001	0.00005880988767392463
0.9540000000000001	0.00005839518539259069
0.9560000000000001	0.00005798426673670215
0.9580000000000001	0.00005757708937800162
0.9600000000000001	0.000057173611548748575
0.9620000000000001	0.00005677379203315015
0.9640000000000001	0.00005637759015894014
0.9660000000000001	0.00005598496578910326
0.9680000000000001	0.000055595879313743053
0.9700000000000001	0.00005521029164208878
0.9720000000000001	0.00005482816419464065
0.9740000000000001	0.00005444945889544899
0.9760000000000001	0.00005407413816452604
0.9780000000000001	0.000053702164910386855
0.98	0.000053333502522718186
0.982	0.000052968114865170915
0.984	0.000052605966268275966
0.986	0.00005224702152247945
0.988	0.000051891245871295825
0.99	0.00005153860500457661
0.992	0.00005118906505189236
0.994	0.00005084259257602611
0.996	0.00005049915456657541
0.998	0.000050158718433662154
1.	0.00004982125200174671
1.002	0.00004944965491255546
1.004	0.00004908156212071036
1.006	0.0000487169336971677
1.008	0.00004835573024595556
1.01	0.00004799791289601793
1.012	0.00004764344329320026
1.014	0.00004729228359237266
1.016	0.00004694439644968767
1.018	0.00004659974501497192
1.02	0.00004625829292424701
1.022	0.000045920004292378316
1.024	0.00004558484370584918
1.026	0.00004525277621565793
1.028	0.00004492376733033513
1.03	0.000044597783009080005
1.032	0.00004427478965501156
1.034	0.00004395475410853481
1.036	0.00004363764364081801
1.038	0.00004332342594737969
1.04	0.00004301206914178373
1.042	0.00004270354174943903
1.044	0.00004239781270150393
1.046	0.00004209485132889139
1.048	0.00004179462735637455
1.05	0.00004149711089678992
1.052	0.00004120227244533699
1.054	0.00004091008287397199
1.056	0.000040620513425894174
1.058	0.00004033353571012359
1.06	0.000040049121696167347
1.062	0.00003976724370877416
1.064	0.00003948787442277449
1.066	0.000039210986858005374
1.068	0.00003893655437431827
1.07	0.000038664550666667695
1.072	0.00003839494976028081
1.074	0.00003812772600590455
1.076	0.000037862854075130386
1.078	0.00003760030895579448
1.08	0.00003734006594745244
1.082	0.00003708210065692679
1.084	0.000036826388993926096
1.086	0.00003657290716673487
1.088	0.00003632163167797205
1.09	0.00003607253932041788
1.092	0.00003582560717290722
1.094	0.000035580812596288206
1.096	0.0000353381332294457
1.098	0.000035097546985387675
1.1	0.00003485903204739338
1.102	0.000034622566865223356
1.104	0.00003438813015138827
1.106	0.00003415570087747751
1.108	0.00003392525827054521
1.11	0.000033696781809553115
1.112	0.000033470251221869225
1.114	0.000033245646479821455
1.116	0.00003302294779730514
1.118	0.00003280213562644329
1.12	0.00003258319065429923
1.122	0.000032366093799640074
1.124	0.00003215082620975044
1.1260000000000001	0.00003193736925729589
1.1280000000000001	0.000031725704537234615
1.1300000000000001	0.00003151581386377668
1.1320000000000001	0.00003130767926739066
1.1340000000000001	0.000031101282991855724
1.1360000000000001	0.00003089660749135945
1.1380000000000001	0.00003069363542763999
1.1400000000000001	0.00003049234966717195
1.1420000000000001	0.000030292733278395358
1.1440000000000001	0.000030094769528986787
1.1460000000000001	0.00002989844188317225
1.1480000000000001	0.000029703733999080737
1.1500000000000001	0.000029510629726137948
1.1520000000000001	0.00002931911310249958
1.1540000000000001	0.000029129168352523364
1.1560000000000001	0.000028940779884279403
1.1580000000000001	0.000028753932287097864
1.1600000000000001	0.000028568610329153612
1.1620000000000001	0.000028384798955087196
1.1640000000000001	0.000028202483283661342
1.1660000000000001	0.000028021648605452734
1.1680000000000001	0.000027842280380578315
1.1700000000000002	0.000027664364236455048
1.1720000000000002	0.000027487885965593613
1.174	0.000027312831523424655
1.176	0.000027139187026157072
1.178	0.000026966938748668544
1.18	0.00002679607312242683
1.182	0.000026626576733441842
1.184	0.000026458436320248188
1.186	0.000026291638771916878
1.188	0.000026126171126096837
1.19	0.000025962020567084694
1.192	0.000025799174423923098
1.194	0.000025637620168526588
1.196	0.000025477345413835088
1.198	0.00002531833791199411
1.2	0.000025160585552561513
1.202	0.00002500407636074029
1.204	0.000024848798495636873
1.206	0.000024694740248544897
1.208	0.00002454189004125336
1.21	0.000024390236424379662
1.212	0.000024239768075726294
1.214	0.00002409047379866125
1.216	0.00002394234252052183
1.218	0.000023795363291041017
1.22	0.000023649525280796738
1.222	0.000023504817779682917
1.224	0.00002336123019540265
1.226	0.000023218752051982565
1.228	0.000023077372988308465
1.23	0.000022937082756681757
1.232	0.000022797871221396162
1.234	0.000022659728357334766
1.236	0.000022522644248586793
1.238	0.00002238660908708374
1.24	0.000022251613171255152
1.242	0.00002211764690470264
1.244	0.000021984700794893085
1.246	0.00002185276545186989
1.248	0.000021721831586982175
1.25	0.000021591890011631916
1.252	0.00002146293163603853
1.254	0.000021334947468020428
1.256	0.00002120792861179373
1.258	0.000021081866266787693
1.26	0.000020956751726476284
1.262	0.000020832576377226166
1.264	0.00002070933169716044
1.266	0.0000205870092550382
1.268	0.000020465600709149325
1.27	0.000020345097806224602
1.272	0.000020225492380360853
1.274	0.00002010677635196056
1.276	0.000019988941726686157
1.278	0.000019871980594428777
1.28	0.000019755885128290652
1.282	0.000019640647583581646
1.284	0.000019526260296829456
1.286	0.000019412715684803162
1.288	0.000019300006243549905
1.29	0.00001918812454744481
1.292	0.000019077063248253667
1.294	0.000018966815074208127
1.296	0.00001885737282909365
1.298	0.000018748729391349393
1.3	0.000018640877713180335
1.302	0.000018527135080936353
1.304	0.000018414259472703442
1.306	0.00001830224296480885
1.308	0.000018191077717971316
1.31	0.000018080755976275086
1.312	0.000017971270066157918
1.314	0.000017862612395412873
1.316	0.000017754775452203833
1.318	0.0000176477518040941
1.32	0.000017541534097088683
1.322	0.000017436115054688948
1.324	0.000017331487476960718
1.326	0.000017227644239614377
1.328	0.000017124578293097745
1.33	0.000017022282661701192
1.332	0.00001692075044267448
1.334	0.000016819974805355898
1.336	0.000016719948990312643
1.338	0.000016620666308493098
1.34	0.000016522120140390263
1.342	0.000016424303935216266
1.344	0.00001632721121008807
1.346	0.000016230835549223986
1.348	0.00001613517060315074
1.35	0.000016040210087921217
1.352	0.00001594594778434254
1.354	0.00001585237753721427
1.356	0.00001575949325457678
1.358	0.0000156672889069695
1.36	0.00001557575852669901
1.362	0.000015484896207116673
1.364	0.000015394696101905788
1.366	0.000015305152424378068
1.368	0.000015216259446779493
1.37	0.000015128011499604993
1.372	0.000015040402970922285
1.374	0.000014953428305704463
1.3760000000000001	0.000014867082005171185
1.3780000000000001	0.000014781358626138719
1.3800000000000001	0.000014696252780378014
1.3820000000000001	0.000014611759133981463
1.3840000000000001	0.000014527872406737647
1.3860000000000001	0.00001444458737151431
1.3880000000000001	0.000014361898853649137
1.3900000000000001	0.000014279801730348598
1.3920000000000001	0.000014198290930094306
1.3940000000000001	0.000014117361432057162
1.3960000000000001	0.000014037008265519052
1.3980000000000001	0.000013957226509301731
1.4000000000000001	0.000013878011291203351
1.4020000000000001	0.000013799357787441833
1.4040000000000001	0.000013721261222105747
1.4060000000000001	0.000013643716866611738
1.4080000000000001	0.000013566720039169271
1.4100000000000001	0.000013490266104251931
1.4120000000000001	0.000013414350472075527
1.4140000000000001	0.000013338968598082793
1.4160000000000001	0.000013264115982434593
1.4180000000000001	0.000013189788169507628
1.4200000000000002	0.000013115980747398335
1.4220000000000002	0.000013042689347433306
1.4240000000000002	0.000012969909643685465
1.4260000000000002	0.000012897637352496816
1.428	0.00001282586823200677
1.43	0.000012754598081686513
1.432	0.000012683822741879405
1.434	0.000012613538093346791
1.436	0.000012543740056819733
1.438	0.000012474424592556192
1.44	0.000012405587699903768
1.442	0.000012337225416867957
1.444	0.000012269333819685569
1.446	0.000012201909022403653
1.448	0.000012134947176463434
1.45	0.000012068444470289651
1.452	0.000012002397128884668
1.454	0.000011936801413427734
1.456	0.000011871653620879258
1.458	0.000011806950083589853
1.46	0.000011742687168914114
1.462	0.000011678861278829263
1.464	0.000011615468849558412
1.466	0.000011552506351198408
1.468	0.000011489970287352253
1.47	0.000011427857194766053
1.472	0.000011366163642970203
1.474	0.000011304886233925217
1.476	0.000011244021601671611
1.478	0.000011183566411984113
1.48	0.000011123517362030226
1.482	0.000011063871180032584
1.484	0.000011004624624935688
1.486	0.00001094577448607655
1.488	0.000010887317582859283
1.49	0.0000108292507644336
1.492	0.000010771570909377237
1.494	0.000010714274925382218
1.496	0.000010657359748944653
1.498	0.000010600822345058587
1.5	0.000010544659706913246
1.502	0.000010489343460016156
1.504	0.000010434390426230215
1.506	0.000010379797742405505
1.508	0.000010325562571721833
1.51	0.000010271682103412116
1.512	0.000010218153552489003
1.514	0.000010164974159474804
1.516	0.000010112141190134527
1.518	0.000010059651935212047
1.52	0.000010007503710169455
1.522	9.955693854929376e-6
1.524	9.904219733620351e-6
1.526	9.853078734325278e-6
1.528	9.802268268832545e-6
1.53	9.751785772390392e-6
1.532	9.70162870346387e-6
1.534	9.651794543494859e-6
1.536	9.602280796664582e-6
1.538	9.553084989659199e-6
1.54	9.50420467143794e-6
1.542	9.455637413003908e-6
1.544	9.407380807177583e-6
1.546	9.359432468373019e-6
1.548	9.311790032376427e-6
1.55	9.264451156127542e-6
1.552	9.217413517503317e-6
1.554	9.170674815104168e-6
1.556	9.124232768042743e-6
1.558	9.078085115735008e-6
1.56	9.032229617693761e-6
1.562	8.986664053324535e-6
1.564	8.941386221723815e-6
1.566	8.89639394147953e-6
1.568	8.851685050473862e-6
1.57	8.80725740568823e-6
1.572	8.76310888301062e-6
1.574	8.719237377044921e-6
1.576	8.675640800922584e-6
1.578	8.632317086116344e-6
1.58	8.589264182256e-6
1.582	8.546480056946395e-6
1.584	8.50396269558729e-6
1.586	8.461710101195482e-6
1.588	8.419720294228649e-6
1.59	8.377991312411432e-6
1.592	8.336521210563319e-6
1.594	8.295308060428506e-6
1.596	8.254349950507628e-6
1.598	8.213644985891415e-6
1.6	8.173191288096189e-6
1.602	8.132986994901183e-6
1.604	8.093030260187655e-6
1.606	8.05331925377989e-6
1.608	8.0138521612878e-6
1.61	7.974627183951453e-6
1.612	7.93564253848717e-6
1.614	7.896896456935416e-6
1.616	7.858387186510367e-6
1.618	7.820112989451083e-6
1.62	7.782072142874376e-6
1.622	7.744262938629297e-6
1.624	7.706683683153172e-6
1.6260000000000001	7.669332697329297e-6
1.6280000000000001	7.632208316346084e-6
1.6300000000000001	7.595308889557886e-6
1.6320000000000001	7.558632780347272e-6
1.6340000000000001	7.5221783659887415e-6
1.6360000000000001	7.485944037514104e-6
1.6380000000000001	7.449928199579114e-6
1.6400000000000001	7.414129270331773e-6
1.6420000000000001	7.378545681281841e-6
1.6440000000000001	7.343175877171988e-6
1.6460000000000001	7.308018315850181e-6
1.6480000000000001	7.273071468143502e-6
1.6500000000000001	7.238333817733388e-6
1.6520000000000001	7.2038038610321355e-6
1.6540000000000001	7.169480107060759e-6
1.6560000000000001	7.1353610773282495e-6
1.6580000000000001	7.101445305711997e-6
1.6600000000000001	7.0677313383396145e-6
1.6620000000000001	7.034217733471998e-6
1.6640000000000001	7.000903061387563e-6
1.6660000000000001	6.967785904267883e-6
1.6680000000000001	6.934864856084399e-6
1.6700000000000002	6.902138522486411e-6
1.6720000000000002	6.869605520690313e-6
1.6740000000000002	6.837264479369852e-6
1.6760000000000002	6.805114038547776e-6
1.6780000000000002	6.7731528494884316e-6
1.6800000000000002	6.741379574591625e-6
1.6820000000000002	6.709792887287593e-6
1.6840000000000002	6.6783914719330385e-6
1.686	6.647174023708338e-6
1.688	6.616139248515742e-6
1.69	6.585285862878794e-6
1.692	6.5546125938426345e-6
1.694	6.524118178875529e-6
1.696	6.493801365771285e-6
1.698	6.463660912552837e-6
1.7	6.433695587376676e-6
1.702	6.403904168438472e-6
1.704	6.374285443879541e-6
1.706	6.34483821169434e-6
1.708	6.315561279638951e-6
1.71	6.286453465140481e-6
1.712	6.257513595207437e-6
1.714	6.228740506341033e-6
1.716	6.200133044447402e-6
1.718	6.171690064750745e-6
1.72	6.143410431707337e-6
1.722	6.115293018920507e-6
1.724	6.087336709056376e-6
1.726	6.059540393760632e-6
1.728	6.031902973575985e-6
1.73	6.0044233578606545e-6
1.732	5.977100464707489e-6
1.734	5.9499332208641365e-6
1.736	5.922920561653922e-6
1.738	5.896061430897473e-6
1.74	5.869354780835335e-6
1.742	5.842799572051193e-6
1.744	5.816394773396025e-6
1.746	5.790139361912889e-6
1.748	5.764032322762638e-6
1.75	5.738072649150276e-6
1.752	5.7067335833040665e-6
1.754	5.675601141283302e-6
1.756	5.644673727504103e-6
1.758	5.613949760501278e-6
1.76	5.5834276727875104e-6
1.762	5.553105910714149e-6
1.764	5.522982934333482e-6
1.766	5.493057217262595e-6
1.768	5.463327246548695e-6
1.77	5.433791522535943e-6
1.772	5.4044485587337334e-6
1.774	5.3752968816864305e-6
1.776	5.34633503084458e-6
1.778	5.31756155843747e-6
1.78	5.288975029347149e-6
1.782	5.260574020983762e-6
1.784	5.232357123162354e-6
1.786	5.204322937980894e-6
1.788	5.176470079699744e-6
1.79	5.148797174622358e-6
1.792	5.12130286097739e-6
1.794	5.093985788801914e-6
1.796	5.066844619826149e-6
1.798	5.0398780273591765e-6
1.8	5.013084696176152e-6
1.802	4.986463322406528e-6
1.804	4.960012613423619e-6
1.806	4.933731287735323e-6
1.808	4.907618074876028e-6
1.81	4.881671715299657e-6
1.812	4.855890960273923e-6
1.814	4.830274571775649e-6
1.816	4.804821322387316e-6
1.818	4.779529995194619e-6
1.82	4.7543993836851935e-6
1.822	4.7294282916483845e-6
1.824	4.7046155330761315e-6
1.826	4.67995993206489e-6
1.828	4.655460322718587e-6
1.83	4.631115549052654e-6
1.832	4.606924464899049e-6
1.834	4.5828859338122905e-6
1.836	4.558998828976551e-6
1.838	4.535262033113629e-6
1.84	4.511674438392015e-6
1.842	4.488234946336832e-6
1.844	4.464942467740803e-6
1.846	4.441795922576091e-6
1.848	4.418794239907141e-6
1.85	4.395936357804385e-6
1.852	4.373221223258895e-6
1.854	4.350647792097917e-6
1.856	4.328215028901298e-6
1.858	4.305921906918822e-6
1.86	4.283767407988331e-6
1.862	4.261750522454833e-6
1.864	4.239870249090336e-6
1.866	4.2181255950145996e-6
1.868	4.196515575616679e-6
1.87	4.175039214477298e-6
1.872	4.153695543292061e-6
1.874	4.132483601795398e-6
1.8760000000000001	4.111402437685386e-6
1.8780000000000001	4.090451106549287e-6
1.8800000000000001	4.069628671789886e-6
1.8820000000000001	4.048934204552609e-6
1.8840000000000001	4.028366783653367e-6
1.8860000000000001	4.007925495507169e-6
1.8880000000000001	3.9876094340574406e-6
1.8900000000000001	3.967417700706169e-6
1.8920000000000001	3.947349404244629e-6
1.8940000000000001	3.92740366078492e-6
1.8960000000000001	3.907579593692211e-6
1.8980000000000001	3.887876333517628e-6
1.9000000000000001	3.868293017931871e-6
1.9020000000000001	3.848828791659496e-6
1.9040000000000001	3.829482806413906e-6
1.9060000000000001	3.81025422083296e-6
1.9080000000000001	3.7911422004152636e-6
1.9100000000000001	3.772145917457131e-6
1.9120000000000001	3.753264550990156e-6
1.9140000000000001	3.7344972867194487e-6
1.9160000000000001	3.7158433169624806e-6
1.9180000000000001	3.697301840588578e-6
1.9200000000000002	3.6788720629590134e-6
1.9220000000000002	3.660553195867699e-6
1.9240000000000002	3.6423444574825115e-6
1.9260000000000002	3.624245072287191e-6
1.9280000000000002	3.6062542710238193e-6
1.9300000000000002	3.588371290635923e-6
1.9320000000000002	3.5705953742121014e-6
1.9340000000000002	3.552925770930249e-6
1.9360000000000002	3.5353617360023486e-6
1.9380000000000002	3.5179025306198116e-6
1.94	3.500547421899379e-6
1.942	3.4832956828295256e-6
1.944	3.4661465922174725e-6
1.946	3.4490994346366715e-6
1.948	3.4321535003748517e-6
1.95	3.415308085382584e-6
1.952	3.398562491222318e-6
1.954	3.381916025018013e-6
1.956	3.365367999405169e-6
1.958	3.3489177324814584e-6
1.96	3.332564547757782e-6
1.962	3.3163077741098042e-6
1.964	3.3001467457300636e-6
1.966	3.284080802080428e-6
1.968	3.268109287845147e-6
1.97	3.252231552884269e-6
1.972	3.2364469521875828e-6
1.974	3.2207548458290036e-6
1.976	3.205154598921385e-6
1.978	3.1896455815718082e-6
1.98	3.174227168837299e-6
1.982	3.158898740680984e-6
1.984	3.1436596819286723e-6
1.986	3.128509382225875e-6
1.988	3.113447235995242e-6
1.99	3.098472642394412e-6
1.992	3.083585005274289e-6
1.994	3.068783733137728e-6
1.996	3.0540682390985974e-6
1.998	3.0394379408412753e-6
2.	3.0248922605805372e-6
2.002	3.010975907884049e-6
2.004	2.9971373786631594e-6
2.006	2.983376160693161e-6
2.008	2.9696917456266703e-6
2.01	2.956083628960449e-6
2.012	2.942551310002529e-6
2.014	2.929094291839707e-6
2.016	2.9157120813052846e-6
2.018	2.902404188947154e-6
2.02	2.889170128996167e-6
2.0220000000000002	2.8760094193348254e-6
2.024	2.862921581466255e-6
2.0260000000000002	2.849906140483448e-6
2.028	2.8369626250388694e-6
2.0300000000000002	2.8240905673142594e-6
2.032	2.8112895029907993e-6
2.0340000000000003	2.798558971219496e-6
2.036	2.7858985145919017e-6
2.0380000000000003	2.7733076791110653e-6
2.04	2.7607860141627876e-6
2.0420000000000003	2.748333072487115e-6
2.044	2.735948410150144e-6
2.0460000000000003	2.7236315865160384e-6
2.048	2.711382164219368e-6
2.0500000000000003	2.699199709137642e-6
2.052	2.6870837903641517e-6
2.0540000000000003	2.675033980181043e-6
2.056	2.6630498540326412e-6
2.0580000000000003	2.6511309904990285e-6
2.06	2.6392769712698654e-6
2.0620000000000003	2.6274873811184712e-6
2.064	2.6157618078761083e-6
2.0660000000000003	2.6040998424065316e-6
2.068	2.592501078580799e-6
2.07	2.5809651132522595e-6
2.072	2.569491546231799e-6
2.074	2.5580799802633454e-6
2.076	2.546730020999536e-6
2.078	2.535441276977675e-6
2.08	2.524213359595872e-6
2.082	2.5130458830894107e-6
2.084	2.501938464507326e-6
2.086	2.490890723689241e-6
2.088	2.4799022832423426e-6
2.09	2.468972768518638e-6
2.092	2.4581018075923692e-6
2.094	2.4472890312376812e-6
2.096	2.4365340729064458e-6
2.098	2.425836568706326e-6
2.1	2.4151961573790177e-6
2.102	2.404612480278712e-6
2.104	2.394085181350732e-6
2.106	2.3836139071103795e-6
2.108	2.37319830662195e-6
2.11	2.3628380314779905e-6
2.112	2.352532735778683e-6
2.114	2.342282076111463e-6
2.116	2.3320857115307873e-6
2.118	2.321943303538129e-6
2.12	2.3118545160620863e-6
2.122	2.301819015438759e-6
2.124	2.291836470392219e-6
2.126	2.281906552015208e-6
2.128	2.272028933749993e-6
2.13	2.262203291369407e-6
2.132	2.2524293029580197e-6
2.134	2.2427066488935403e-6
2.136	2.2330350118283335e-6
2.138	2.223414076671135e-6
2.14	2.213843530568901e-6
2.142	2.2043230628888605e-6
2.144	2.194852365200691e-6
2.146	2.1854311312588607e-6
2.148	2.1760590569851636e-6
2.15	2.166735840451349e-6
2.152	2.1574611818619676e-6
2.154	2.148234783537327e-6
2.156	2.139056349896606e-6
2.158	2.129925587441167e-6
2.16	2.120842204737924e-6
2.162	2.1118059124029523e-6
2.164	2.102816423085184e-6
2.166	2.093873451450276e-6
2.168	2.0849767141645924e-6
2.17	2.0761259298793878e-6
2.172	2.067320819215037e-6
2.174	2.0585611047455038e-6
2.176	2.0498465109828786e-6
2.178	2.0411767643620765e-6
2.18	2.0325515932256634e-6
2.182	2.0239707278088375e-6
2.184	2.0154339002244984e-6
2.186	2.006940844448501e-6
2.188	1.998491296304988e-6
2.19	1.9900849934518987e-6
2.192	1.9817216753665594e-6
2.194	1.9734010833314324e-6
2.196	1.965122960419978e-6
2.198	1.95688705148264e-6
2.2	1.9486931031329488e-6
2.202	1.940540863733753e-6
2.204	1.9324300833835766e-6
2.206	1.9243605139030828e-6
2.208	1.9163319088216443e-6
2.21	1.90834402336407e-6
2.212	1.9003966144374096e-6
2.214	1.8924894406178878e-6
2.216	1.8846222621379459e-6
2.218	1.8767948408734018e-6
2.22	1.8690069403307202e-6
2.222	1.861258325634392e-6
2.224	1.8535487635144117e-6
2.226	1.8458780222938845e-6
2.228	1.8382458718767226e-6
2.23	1.8306520837354531e-6
2.232	1.8230964308991265e-6
2.234	1.8155786879413438e-6
2.236	1.8080986309683696e-6
2.238	1.8006560376073525e-6
2.24	1.793250686994648e-6
2.242	1.7858823597642384e-6
2.244	1.7785508380362653e-6
2.246	1.7712559054056342e-6
2.248	1.763997346930735e-6
2.25	1.7567749491222696e-6
2.2520000000000002	1.7487726331384395e-6
2.254	1.7408138238679923e-6
2.2560000000000002	1.7328982464854432e-6
2.258	1.7250256281427829e-6
2.2600000000000002	1.7171956979535082e-6
2.262	1.7094081869768208e-6
2.2640000000000002	1.7016628282019176e-6
2.266	1.6939593565324866e-6
2.2680000000000002	1.6862975087712753e-6
2.27	1.6786770236048564e-6
2.2720000000000002	1.67109764158848e-6
2.274	1.6635591051310902e-6
2.2760000000000002	1.6560611584804702e-6
2.278	1.648603547708506e-6
2.2800000000000002	1.6411860206965943e-6
2.282	1.6338083271211843e-6
2.2840000000000003	1.626470218439426e-6
2.286	1.6191714478749725e-6
2.2880000000000003	1.611911770403877e-6
2.29	1.6046909427406543e-6
2.2920000000000003	1.5975087233244146e-6
2.294	1.590364872305181e-6
2.2960000000000003	1.583259151530267e-6
2.298	1.5761913245308151e-6
2.3000000000000003	1.5691611565084346e-6
2.302	1.5621684143219674e-6
2.3040000000000003	1.5552128664743647e-6
2.306	1.5482942830996742e-6
2.3080000000000003	1.5414124359501508e-6
2.31	1.5345670983834763e-6
2.3120000000000003	1.5277580453500905e-6
2.314	1.5209850533806312e-6
2.3160000000000003	1.5142479005734891e-6
2.318	1.5075463665824665e-6
2.3200000000000003	1.5008802326045424e-6
2.322	1.4942492813677599e-6
2.3240000000000003	1.4876532971191873e-6
2.326	1.4810920656130263e-6
2.328	1.4745653740987767e-6
2.33	1.4680730113095423e-6
2.332	1.4616147674504259e-6
2.334	1.4551904341870129e-6
2.336	1.4487998046339694e-6
2.338	1.44244267334374e-6
2.34	1.4361188362953272e-6
2.342	1.4298280908831783e-6
2.344	1.4235702359061873e-6
2.346	1.4173450715567447e-6
2.348	1.4111523994099266e-6
2.35	1.4049920224127604e-6
2.352	1.3988637448735729e-6
2.354	1.3927673724514495e-6
2.356	1.3867027121457643e-6
2.358	1.3806695722858157e-6
2.36	1.37466776252055e-6
2.362	1.368697093808353e-6
2.364	1.3627573784069577e-6
2.366	1.356848429863416e-6
2.368	1.3509700630041742e-6
2.37	1.3451220939252093e-6
2.372	1.3393043399822812e-6
2.374	1.3335166197812334e-6
2.376	1.3277587531684096e-6
2.378	1.322030561221123e-6
2.38	1.3163318662382303e-6
2.382	1.3106624917307652e-6
2.384	1.30502226241267e-6
2.386	1.2994110041915924e-6
2.388	1.2938285441597644e-6
2.39	1.2882747105849605e-6
2.392	1.282749332901537e-6
2.394	1.2772522417015257e-6
2.396	1.271783268725838e-6
2.398	1.2663422468555058e-6
2.4	1.2609290101030285e-6
2.402	1.255543393603766e-6
2.404	1.2501852336074251e-6
2.406	1.2448543674696047e-6
2.408	1.2395506336434167e-6
2.41	1.234273871671183e-6
2.412	1.2290239221761873e-6
2.414	1.2238006268545065e-6
2.416	1.2186038284669208e-6
2.418	1.2134333708308549e-6
2.42	1.2082890988124412e-6
2.422	1.2031708583185938e-6
2.424	1.1980784962891975e-6
2.426	1.1930118606893108e-6
2.428	1.1879708005014944e-6
2.43	1.1829551657181434e-6
2.432	1.1779648073339278e-6
2.434	1.172999577338271e-6
2.436	1.1680593287079054e-6
2.438	1.1631439153994731e-6
2.44	1.1582531923422149e-6
2.442	1.1533870154306845e-6
2.444	1.1485452415175575e-6
2.446	1.1437277284064667e-6
2.448	1.1389343348449408e-6
2.45	1.1341649205173447e-6
2.452	1.1294193460379304e-6
2.454	1.1246974729439102e-6
2.456	1.1199991636886078e-6
2.458	1.1153242816346545e-6
2.46	1.110672691047245e-6
2.462	1.1060442570874432e-6
2.464	1.1014388458055617e-6
2.466	1.0968563241345643e-6
2.468	1.0922965598835585e-6
2.47	1.087759421731309e-6
2.472	1.0832447792198245e-6
2.474	1.0787525027479922e-6
2.476	1.0742824635652618e-6
2.478	1.0698345337653755e-6
2.48	1.0654085862801744e-6
2.482	1.0610044948734139e-6
2.484	1.0566221341346757e-6
2.486	1.052261379473286e-6
2.488	1.0479221071123172e-6
2.49	1.0436041940826183e-6
2.492	1.0393075182169043e-6
2.494	1.0350319581438875e-6
2.496	1.0307773932824605e-6
2.498	1.0265437038359138e-6
2.5	1.0223307707862325e-6
2.5020000000000002	1.018666293662335e-6
2.504	1.0150178639565123e-6
2.5060000000000002	1.0113853986608229e-6
2.508	1.0077688152624705e-6
2.5100000000000002	1.004168031740432e-6
2.512	1.0005829665621659e-6
2.5140000000000002	9.970135386802957e-7
2.516	9.934596675293497e-7
2.5180000000000002	9.899212730225129e-7
2.52	9.863982755484113e-7
2.5220000000000002	9.828905959679058e-7
2.524	9.793981556109334e-7
2.5260000000000002	9.759208762733375e-7
2.528	9.724586802137645e-7
2.5300000000000002	9.690114901505482e-7
2.532	9.655792292586382e-7
2.5340000000000003	9.621618211665368e-7
2.536	9.587591899532747e-7
2.5380000000000003	9.55371260145393e-7
2.54	9.51997956713963e-7
2.5420000000000003	9.486392050716169e-7
2.544	9.452949310696025e-7
2.5460000000000003	9.419650609948637e-7
2.548	9.386495215671456e-7
2.5500000000000003	9.353482399361073e-7
2.552	9.320611436784743e-7
2.5540000000000003	9.287881607951915e-7
2.556	9.255292197086231e-7
2.5580000000000003	9.222842492597494e-7
2.56	9.190531787053946e-7
2.5620000000000003	9.158359377154765e-7
2.564	9.126324563702743e-7
2.5660000000000003	9.094426651577139e-7
2.568	9.062664949706833e-7
2.5700000000000003	9.031038771043505e-7
2.572	8.999547432535168e-7
2.5740000000000003	8.968190255099862e-7
2.576	8.936966563599469e-7
2.5780000000000003	8.905875686813773e-7
2.58	8.874916957414787e-7
2.582	8.844089711941082e-7
2.584	8.813393290772446e-7
2.586	8.782827038104787e-7
2.588	8.75239030192495e-7
2.59	8.722082433986076e-7
2.592	8.691902789782864e-7
2.594	8.66185072852709e-7
2.596	8.631925613123419e-7
2.598	8.602126810145234e-7
2.6	8.572453689810673e-7
2.602	8.542905625958968e-7
2.604	8.513481996026825e-7
2.606	8.484182181024977e-7
2.608	8.455005565514988e-7
2.61	8.425951537586174e-7
2.612	8.397019488832669e-7
2.614	8.368208814330732e-7
2.616	8.339518912616168e-7
2.618	8.310949185661889e-7
2.62	8.282499038855661e-7
2.622	8.254167880978088e-7
2.624	8.225955124180589e-7
2.626	8.19786018396373e-7
2.628	8.169882479155519e-7
2.63	8.142021431890006e-7
2.632	8.114276467585969e-7
2.634	8.086647014925763e-7
2.636	8.059132505834328e-7
2.638	8.03173237545835e-7
2.64	8.004446062145554e-7
2.642	7.977273007424162e-7
2.644	7.950212655982467e-7
2.646	7.923264455648654e-7
2.648	7.896427857370617e-7
2.65	7.869702315196028e-7
2.652	7.843087286252483e-7
2.654	7.816582230727893e-7
2.656	7.790186611850881e-7
2.658	7.763899895871372e-7
2.66	7.737721552041389e-7
2.662	7.711651052595914e-7
2.664	7.68568787273381e-7
2.666	7.659831490599142e-7
2.668	7.634081387262248e-7
2.67	7.608437046701365e-7
2.672	7.582897955783978e-7
2.674	7.557463604248623e-7
2.676	7.532133484686674e-7
2.678	7.506907092524224e-7
2.68	7.4817839260042e-7
2.682	7.456763486168532e-7
2.684	7.431845276840451e-7
2.686	7.407028804606986e-7
2.688	7.382313578801443e-7
2.69	7.357699111486174e-7
2.692	7.333184917435309e-7
2.694	7.308770514117747e-7
2.696	7.284455421680194e-7
2.698	7.260239162930287e-7
2.7	7.236121263319921e-7
2.702	7.212101250928671e-7
2.704	7.188178656447238e-7
2.706	7.164353013161158e-7
2.708	7.140623856934538e-7
2.71	7.116990726193887e-7
2.712	7.093453161912094e-7
2.714	7.070010707592579e-7
2.716	7.0466629092534e-7
2.718	7.023409315411658e-7
2.72	7.000249477067822e-7
2.722	6.977182947690336e-7
2.724	6.954209283200211e-7
2.726	6.93132804195577e-7
2.728	6.908538784737524e-7
2.73	6.885841074733056e-7
2.732	6.863234477522181e-7
2.734	6.840718561062028e-7
2.736	6.818292895672314e-7
2.738	6.795957054020771e-7
2.74	6.773710611108522e-7
2.742	6.751553144255701e-7
2.744	6.72948423308715e-7
2.746	6.707503459518095e-7
2.748	6.685610407740102e-7
2.75	6.663804664207008e-7
2.7520000000000002	6.639191065531323e-7
2.754	6.61468616259961e-7
2.7560000000000002	6.590289396987771e-7
2.758	6.566000213542907e-7
2.7600000000000002	6.541818060361741e-7
2.762	6.517742388769326e-7
2.7640000000000002	6.493772653297796e-7
2.766	6.469908311665336e-7
2.7680000000000002	6.446148824755308e-7
2.77	6.422493656595454e-7
2.7720000000000002	6.39894227433734e-7
2.774	6.375494148235927e-7
2.7760000000000002	6.352148751629234e-7
2.778	6.328905560918248e-7
2.7800000000000002	6.305764055546864e-7
2.782	6.282723717982073e-7
2.7840000000000003	6.259784033694214e-7
2.786	6.236944491137443e-7
2.7880000000000003	6.214204581730274e-7
2.79	6.191563799836323e-7
2.7920000000000003	6.169021642745099e-7
2.794	6.146577610653074e-7
2.7960000000000003	6.124231206644742e-7
2.798	6.101981936673919e-7
2.8000000000000003	6.079829309545137e-7
2.802	6.057772836895147e-7
2.8040000000000003	6.03581203317461e-7
2.806	6.013946415629909e-7
2.8080000000000003	5.992175504285001e-7
2.81	5.970498821923587e-7
2.8120000000000003	5.948915894071179e-7
2.814	5.927426248977501e-7
2.8160000000000003	5.906029417598843e-7
2.818	5.884724933580746e-7
2.8200000000000003	5.863512333240555e-7
2.822	5.842391155550307e-7
2.8240000000000003	5.821360942119692e-7
2.826	5.800421237179013e-7
2.8280000000000003	5.77957158756246e-7
2.83	5.758811542691358e-7
2.8320000000000003	5.738140654557587e-7
2.834	5.717558477707122e-7
2.836	5.697064569223701e-7
2.838	5.676658488712529e-7
2.84	5.656339798284261e-7
2.842	5.636108062538899e-7
2.844	5.615962848549976e-7
2.846	5.595903725848716e-7
2.848	5.575930266408419e-7
2.85	5.556042044628885e-7
2.852	5.536238637320971e-7
2.854	5.516519623691234e-7
2.856	5.496884585326746e-7
2.858	5.477333106179929e-7
2.86	5.45786477255359e-7
2.862	5.43847917308593e-7
2.864	5.419175898735851e-7
2.866	5.399954542768146e-7
2.868	5.380814700739004e-7
2.87	5.361755970481442e-7
2.872	5.342777952090935e-7
2.874	5.323880247911127e-7
2.876	5.305062462519667e-7
2.878	5.286324202714047e-7
2.88	5.267665077497708e-7
2.882	5.249084698066032e-7
2.884	5.230582677792642e-7
2.886	5.21215863221565e-7
2.888	5.193812179024055e-7
2.89	5.175542938044235e-7
2.892	5.157350531226532e-7
2.894	5.13923458263195e-7
2.896	5.121194718418879e-7
2.898	5.103230566829983e-7
2.9	5.085341758179142e-7
2.902	5.067527924838511e-7
2.904	5.049788701225662e-7
2.906	5.032123723790736e-7
2.908	5.014532631003852e-7
2.91	4.997015063342432e-7
2.912	4.979570663278736e-7
2.914	4.962199075267368e-7
2.916	4.94489994573301e-7
2.918	4.927672923058134e-7
2.92	4.91051765757082e-7
2.922	4.893433801532662e-7
2.924	4.876421009126784e-7
2.926	4.859478936445927e-7
2.928	4.842607241480577e-7
2.93	4.825805584107205e-7
2.932	4.809073626076642e-7
2.934	4.792411031002416e-7
2.936	4.775817464349287e-7
2.938	4.7592925934217475e-7
2.94	4.742836087352741e-7
2.942	4.7264476170922946e-7
2.944	4.7101268553963885e-7
2.946	4.693873476815762e-7
2.948	4.677687157684925e-7
2.95	4.661567576111131e-7
2.952	4.6455144119634827e-7
2.954	4.6295273468621185e-7
2.956	4.613606064167465e-7
2.958	4.5977502489695215e-7
2.96	4.5819595880772926e-7
2.962	4.566233770008206e-7
2.964	4.5505724849777217e-7
2.966	4.5349754248888355e-7
2.968	4.519442283321846e-7
2.97	4.503972755524071e-7
2.972	4.4885665383996307e-7
2.974	4.473223330499401e-7
2.976	4.457942832010916e-7
2.978	4.442724744748387e-7
2.98	4.427568772142841e-7
2.982	4.4124746192322204e-7
2.984	4.3974419926516624e-7
2.986	4.382470600623719e-7
2.988	4.367560152948788e-7
2.99	4.3527103609954623e-7
2.992	4.337920937691078e-7
2.994	4.3231915975122046e-7
2.996	4.3085220564753157e-7
2.998	4.2939120321273866e-7
3.	4.2793612435367265e-7
3.0020000000000002	4.2643801698098973e-7
3.004	4.249461466491724e-7
3.0060000000000002	4.234604832650817e-7
3.008	4.219809969006576e-7
3.0100000000000002	4.205076577919062e-7
3.012	4.1904043633789385e-7
3.0140000000000002	4.175793030997418e-7
3.016	4.1612422879963794e-7
3.0180000000000002	4.146751843198437e-7
3.02	4.1323214070171876e-7
3.0220000000000002	4.11795069144745e-7
3.024	4.1036394100555794e-7
3.0260000000000002	4.089387277969884e-7
3.028	4.075194011871057e-7
3.0300000000000002	4.0610593299827474e-7
3.032	4.046982952062078e-7
3.0340000000000003	4.0329645993903474e-7
3.036	4.019003994763733e-7
3.0380000000000003	4.0051008624840477e-7
3.04	3.9912549283495966e-7
3.0420000000000003	3.9774659196460815e-7
3.044	3.963733565137541e-7
3.0460000000000003	3.9500575950573924e-7
3.048	3.936437741099502e-7
3.0500000000000003	3.922873736409323e-7
3.052	3.909365315575124e-7
3.0540000000000003	3.895912214619212e-7
3.056	3.8825141709892975e-7
3.0580000000000003	3.8691709235498e-7
3.06	3.855882212573392e-7
3.0620000000000003	3.842647779732362e-7
3.064	3.829467368090287e-7
3.0660000000000003	3.816340722093543e-7
3.068	3.803267587563043e-7
3.0700000000000003	3.790247711685875e-7
3.072	3.777280843007155e-7
3.0740000000000003	3.7643667314218084e-7
3.076	3.7515051281664545e-7
3.0780000000000003	3.738695785811353e-7
3.08	3.725938458252407e-7
3.0820000000000003	3.713232900703163e-7
3.084	3.7005788696869634e-7
3.0860000000000003	3.6879761230290596e-7
3.088	3.67542441984881e-7
3.0900000000000003	3.662923520551952e-7
3.092	3.650473186822908e-7
3.094	3.638073181617101e-7
3.096	3.6257232691534125e-7
3.098	3.6134232149066054e-7
3.1	3.601172785599851e-7
3.102	3.5889717491972567e-7
3.104	3.576819874896477e-7
3.106	3.5647169331214113e-7
3.108	3.5526626955148345e-7
3.11	3.540656934931196e-7
3.112	3.528699425429399e-7
3.114	3.516789942265656e-7
3.116	3.5049282618863656e-7
3.118	3.4931141619210707e-7
3.12	3.4813474211754046e-7
3.122	3.4696278196241917e-7
3.124	3.4579551384044405e-7
3.126	3.446329159808547e-7
3.128	3.4347496672773805e-7
3.13	3.4232164453935733e-7
3.132	3.411729279874721e-7
3.134	3.400287957566721e-7
3.136	3.3888922664370717e-7
3.138	3.3775419955683094e-7
3.14	3.366236935151419e-7
3.142	3.3549768764792973e-7
3.144	3.343761611940281e-7
3.146	3.3325909350116975e-7
3.148	3.3214646402534794e-7
3.15	3.310382523301804e-7
3.152	3.2993443808627533e-7
3.154	3.2883500107060655e-7
3.156	3.2773992116588915e-7
3.158	3.2664917835996e-7
3.16	3.2556275274516214e-7
3.162	3.244806245177334e-7
3.164	3.2340277397719973e-7
3.166	3.223291815257711e-7
3.168	3.2125982766774097e-7
3.17	3.2019469300889225e-7
3.172	3.191337582559034e-7
3.174	3.180770042157648e-7
3.176	3.170244117951865e-7
3.178	3.15975962000026e-7
3.18	3.149316359347068e-7
3.182	3.13891414801647e-7
3.184	3.1285527990068834e-7
3.186	3.118232126285322e-7
3.188	3.1079519447817703e-7
3.19	3.097712070383602e-7
3.192	3.087512319930021e-7
3.194	3.0773525112065546e-7
3.196	3.067232462939585e-7
3.198	3.057151994790883e-7
3.2	3.04711092735223e-7
3.202	3.0371090821400226e-7
3.204	3.027146281589944e-7
3.206	3.017222349051653e-7
3.208	3.00733710878352e-7
3.21	2.9974903859473955e-7
3.212	2.9876820066033736e-7
3.214	2.977911797704682e-7
3.216	2.968179587092479e-7
3.218	2.9584852034907924e-7
3.22	2.948828476501427e-7
3.222	2.9392092365989403e-7
3.224	2.929627315125609e-7
3.226	2.920082544286492e-7
3.228	2.910574757144444e-7
3.23	2.901103787615231e-7
3.232	2.891669470462631e-7
3.234	2.882271641293603e-7
3.236	2.8729101365534425e-7
3.238	2.8635847935210103e-7
3.24	2.8542954503039586e-7
3.242	2.8450419458340305e-7
3.244	2.8358241198623107e-7
3.246	2.8266418129546033e-7
3.248	2.8174948664867623e-7
3.25	2.808383122640104e-7
3.2520000000000002	2.7999822118043715e-7
3.254	2.7916115730630557e-7
3.2560000000000002	2.783271078827152e-7
3.258	2.7749606021233315e-7
3.2600000000000002	2.766680016590548e-7
3.262	2.7584291964767635e-7
3.2640000000000002	2.7502080166355977e-7
3.266	2.742016352523067e-7
3.2680000000000002	2.7338540801943174e-7
3.27	2.725721076300376e-7
3.2720000000000002	2.7176172180849124e-7
3.274	2.709542383381045e-7
3.2760000000000002	2.701496450608151e-7
3.278	2.693479298768699e-7
3.2800000000000002	2.685490807445084e-7
3.282	2.67753085679652e-7
3.2840000000000003	2.669599327555906e-7
3.286	2.6616961010267487e-7
3.2880000000000003	2.653821059080075e-7
3.29	2.6459740841514e-7
3.2920000000000003	2.6381550592376406e-7
3.294	2.6303638678941557e-7
3.2960000000000003	2.6226003942316866e-7
3.298	2.6148645229134274e-7
3.3000000000000003	2.607156139152013e-7
3.302	2.599475128706598e-7
3.3040000000000003	2.5918213778799093e-7
3.306	2.584194773515353e-7
3.3080000000000003	2.576595202994104e-7
3.31	2.569022554232216e-7
3.3120000000000003	2.561476715677791e-7
3.314	2.553957576308107e-7
3.3160000000000003	2.5464650256268053e-7
3.318	2.5389989536610734e-7
3.3200000000000003	2.53155925095885e-7
3.322	2.524145808586053e-7
3.3240000000000003	2.516758518123814e-7
3.326	2.509397271665734e-7
3.3280000000000003	2.502061961815158e-7
3.33	2.494752481682461e-7
3.3320000000000003	2.487468724882341e-7
3.334	2.480210585531164e-7
3.3360000000000003	2.472977958244271e-7
3.338	2.465770738133356e-7
3.3400000000000003	2.4585888208038007e-7
3.342	2.45143210235209e-7
3.3440000000000003	2.4443004793631926e-7
3.346	2.437193848907982e-7
3.3480000000000003	2.4301121085406385e-7
3.35	2.423055156296144e-7
3.352	2.416022890687689e-7
3.354	2.4090152107041735e-7
3.356	2.4020320158076974e-7
3.358	2.3950732059310377e-7
3.36	2.3881386814752085e-7
3.362	2.3812283433069492e-7
3.364	2.3743420927563037e-7
3.366	2.3674798316141615e-7
3.368	2.3606414621298486e-7
3.37	2.353826887008701e-7
3.372	2.3470360094096833e-7
3.374	2.3402687329429942e-7
3.376	2.3335249616677137e-7
3.378	2.326804600089427e-7
3.38	2.3201075531578993e-7
3.382	2.313433726264749e-7
3.384	2.306783025241127e-7
3.386	2.3001553563554176e-7
3.388	2.2935506263109618e-7
3.39	2.2869687422437587e-7
3.392	2.280409611720245e-7
3.394	2.2738731427350056e-7
3.396	2.2673592437085674e-7
3.398	2.2608678234851722e-7
3.4	2.2543987913305596e-7
3.402	2.247952056929786e-7
3.404	2.2415275303850242e-7
3.406	2.2351251222134128e-7
3.408	2.2287447433448843e-7
3.41	2.2223863051200303e-7
3.412	2.216049719287952e-7
3.414	2.2097348980041578e-7
3.416	2.203441753828457e-7
3.418	2.1971701997228432e-7
3.42	2.1909201490494315e-7
3.422	2.184691515568369e-7
3.424	2.1784842134357938e-7
3.426	2.1722981572017715e-7
3.428	2.1661332618082663e-7
3.43	2.1599894425871127e-7
3.432	2.15386661525801e-7
3.434	2.147764695926514e-7
3.436	2.1416836010820367e-7
3.438	2.1356232475959014e-7
3.44	2.129583552719334e-7
3.442	2.1235644340815436e-7
3.444	2.117565809687748e-7
3.446	2.1115875979172576e-7
3.448	2.105629717521558e-7
3.45	2.0996920876223768e-7
3.452	2.0937746277097986e-7
3.454	2.0878772576403741e-7
3.456	2.0819998976352493e-7
3.458	2.0761424682782646e-7
3.46	2.070304890514142e-7
3.462	2.0644870856466043e-7
3.464	2.0586889753365516e-7
3.466	2.052910481600235e-7
3.468	2.0471515268074467e-7
3.47	2.0414120336796916e-7
3.472	2.0356919252884258e-7
3.474	2.0299911250532452e-7
3.476	2.0243095567401243e-7
3.478	2.0186471444596397e-7
3.48	2.013003812665235e-7
3.482	2.007379486151448e-7
3.484	2.0017740900522062e-7
3.486	1.996187549839084e-7
3.488	1.9906197913195817e-7
3.49	1.9850707406354361e-7
3.492	1.9795403242609194e-7
3.494	1.9740284690011407e-7
3.496	1.9685351019903894e-7
3.498	1.963060150690454e-7
3.5	1.9576035428889606e-7
3.5020000000000002	1.9522558498446728e-7
3.504	1.946925806093768e-7
3.5060000000000002	1.941613343363314e-7
3.508	1.936318393683201e-7
3.5100000000000002	1.931040889384645e-7
3.512	1.9257807630986745e-7
3.5140000000000002	1.9205379477546203e-7
3.516	1.9153123765786472e-7
3.5180000000000002	1.9101039830922582e-7
3.52	1.904912701110827e-7
3.5220000000000002	1.8997384647421264e-7
3.524	1.8945812083848846e-7
3.5260000000000002	1.8894408667273214e-7
3.528	1.8843173747457139e-7
3.5300000000000002	1.8792106677029672e-7
3.532	1.8741206811471872e-7
3.5340000000000003	1.8690473509102585e-7
3.536	1.8639906131064384e-7
3.5380000000000003	1.8589504041309643e-7
3.54	1.8539266606586505e-7
3.5420000000000003	1.8489193196424886e-7
3.544	1.8439283183123123e-7
3.5460000000000003	1.8389535941733755e-7
3.548	1.8339950850050275e-7
3.5500000000000003	1.8290527288593277e-7
3.552	1.8241264640597317e-7
3.5540000000000003	1.8192162291997205e-7
3.556	1.814321963141476e-7
3.5580000000000003	1.8094436050145633e-7
3.56	1.8045810942146045e-7
3.5620000000000003	1.7997343704019655e-7
3.564	1.7949033735004548e-7
3.5660000000000003	1.790088043696031e-7
3.568	1.7852883214355045e-7
3.5700000000000003	1.7805041474252579e-7
3.572	1.775735462629973e-7
3.5740000000000003	1.770982208271356e-7
3.576	1.7662443258268803e-7
3.5780000000000003	1.7615217570285256e-7
3.58	1.7568144438615445e-7
3.5820000000000003	1.7521223285631954e-7
3.584	1.747445353621536e-7
3.5860000000000003	1.7427834617741738e-7
3.588	1.738136596007057e-7
3.5900000000000003	1.7335046995532506e-7
3.592	1.7288877158917446e-7
3.5940000000000003	1.7242855887462298e-7
3.596	1.7196982620839218e-7
3.5980000000000003	1.7151256801143632e-7
3.6	1.7105677872882485e-7
3.6020000000000003	1.706024528296234e-7
3.604	1.7014958480677958e-7
3.606	1.6969816917700336e-7
3.608	1.692482004806534e-7
3.61	1.6879967328162306e-7
3.612	1.6835258216722288e-7
3.614	1.6790692174806972e-7
3.616	1.6746268665797154e-7
3.618	1.6701987155381693e-7
3.62	1.665784711154611e-7
3.622	1.661384800456155e-7
3.624	1.6569989306973682e-7
3.626	1.6526270493591818e-7
3.628	1.6482691041477707e-7
3.63	1.6439250429934833e-7
3.632	1.6395948140497502e-7
3.634	1.6352783656920132e-7
3.636	1.6309756465166403e-7
3.638	1.6266866053398722e-7
3.64	1.6224111911967595e-7
3.642	1.6181493533400984e-7
3.644	1.613901041239391e-7
3.646	1.6096662045797985e-7
3.648	1.6054447932611017e-7
3.65	1.6012367573966779e-7
3.652	1.5970420473124535e-7
3.654	1.5928606135459073e-7
3.656	1.5886924068450317e-7
3.658	1.5845373781673476e-7
3.66	1.5803954786788672e-7
3.662	1.5762666597531298e-7
3.664	1.5721508729701723e-7
3.666	1.5680480701155689e-7
3.668	1.5639582031794322e-7
3.67	1.559881224355433e-7
3.672	1.5558170860398414e-7
3.674	1.551765740830542e-7
3.676	1.5477271415260765e-7
3.678	1.5437012411246914e-7
3.68	1.5396879928233777e-7
3.682	1.5356873500169312e-7
3.684	1.5316992662969966e-7
3.686	1.527723695451145e-7
3.688	1.523760591461927e-7
3.69	1.519809908505965e-7
3.692	1.5158716009529985e-7
3.694	1.5119456233649964e-7
3.696	1.5080319304952315e-7
3.698	1.5041304772873688e-7
3.7	1.5002412188745686e-7
3.702	1.4963641105785885e-7
3.704	1.4924991079088748e-7
3.706	1.4886461665616936e-7
3.708	1.484805242419231e-7
3.71	1.4809762915487255e-7
3.712	1.4771592702015822e-7
3.714	1.4733541348125046e-7
3.716	1.4695608419986314e-7
3.718	1.465779348558674e-7
3.72	1.4620096114720548e-7
3.722	1.4582515878980686e-7
3.724	1.4545052351750083e-7
3.726	1.4507705108193513e-7
3.728	1.4470473725249062e-7
3.73	1.4433357781619648e-7
3.732	1.4396356857765026e-7
3.734	1.435947053589324e-7
3.736	1.4322698399952557e-7
3.738	1.4286040035623235e-7
3.74	1.424949503030944e-7
3.742	1.4213062973131127e-7
3.744	1.4176743454915937e-7
3.746	1.4140536068191298e-7
3.748	1.4104440407176438e-7
3.75	1.4068456067774381e-7
3.7520000000000002	1.4028065751292338e-7
3.754	1.3987812826440236e-7
3.7560000000000002	1.3947696753042623e-7
3.758	1.3907716993333782e-7
3.7600000000000002	1.3867873011945792e-7
3.762	1.3828164275896557e-7
3.7640000000000002	1.378859025457788e-7
3.766	1.3749150419743705e-7
3.7680000000000002	1.370984424549821e-7
3.77	1.367067120828431e-7
3.7720000000000002	1.363163078687181e-7
3.774	1.3592722462346065e-7
3.7760000000000002	1.355394571809626e-7
3.778	1.351530003980414e-7
3.7800000000000002	1.3476784915432444e-7
3.782	1.3438399835213837e-7
3.7840000000000003	1.3400144291639412e-7
3.786	1.3362017779447663e-7
3.7880000000000003	1.3324019795613232e-7
3.79	1.3286149839335966e-7
3.7920000000000003	1.3248407412029807e-7
3.794	1.321079201731184e-7
3.7960000000000003	1.31733031609915e-7
3.798	1.313594035105967e-7
3.8000000000000003	1.3098703097677863e-7
3.802	1.3061590913167664e-7
3.8040000000000003	1.3024603311999858e-7
3.806	1.298773981078407e-7
3.8080000000000003	1.2950999928258033e-7
3.81	1.2914383185277237e-7
3.8120000000000003	1.2877889104804402e-7
3.814	1.2841517211899248e-7
3.8160000000000003	1.280526703370795e-7
3.818	1.276913809945324e-7
3.8200000000000003	1.2733129940423842e-7
3.822	1.2697242089964536e-7
3.8240000000000003	1.266147408346607e-7
3.826	1.2625825458354984e-7
3.8280000000000003	1.2590295754083812e-7
3.83	1.2554884512121044e-7
3.8320000000000003	1.2519591275941298e-7
3.834	1.2484415591015443e-7
3.8360000000000003	1.2449357004800936e-7
3.838	1.2414415066732008e-7
3.8400000000000003	1.2379589328210063e-7
3.842	1.234487934259412e-7
3.8440000000000003	1.2310284665191058e-7
3.846	1.2275804853246395e-7
3.8480000000000003	1.224143946593461e-7
3.85	1.2207188064349866e-7
3.8520000000000003	1.2173050211496557e-7
3.854	1.213902547228012e-7
3.8560000000000003	1.2105113413497735e-7
3.858	1.2071313603829086e-7
3.86	1.2037625613827312e-7
3.862	1.2004049015909713e-7
3.864	1.1970583384348944e-7
3.866	1.1937228295263867e-7
3.868	1.1903983326610596e-7
3.87	1.1870848058173594e-7
3.872	1.1837822071556857e-7
3.874	1.1804904950175114e-7
3.876	1.1772096279244929e-7
3.878	1.173939564577614e-7
3.88	1.1706802638563146e-7
3.882	1.1674316848176181e-7
3.884	1.1641937866952903e-7
3.886	1.1609665288989682e-7
3.888	1.1577498710133273e-7
3.89	1.154543772797224e-7
3.892	1.1513481941828698e-7
3.894	1.1481630952749781e-7
3.896	1.144988436349954e-7
3.898	1.141824177855048e-7
3.9	1.1386702804075498e-7
3.902	1.1355267047939598e-7
3.904	1.1323934119691848e-7
3.906	1.12927036305572e-7
3.908	1.1261575193428501e-7
3.91	1.1230548422858496e-7
3.912	1.1199622935051841e-7
3.914	1.1168798347857169e-7
3.916	1.1138074280759212e-7
3.918	1.1107450354871065e-7
3.92	1.1076926192926259e-7
3.922	1.1046501419271081e-7
3.924	1.1016175659856808e-7
3.926	1.0985948542232115e-7
3.928	1.0955819695535381e-7
3.93	1.0925788750487111e-7
3.932	1.0895855339382466e-7
3.934	1.0866019096083572e-7
3.936	1.0836279656012259e-7
3.938	1.0806636656142434e-7
3.94	1.0777089734992861e-7
3.942	1.0747638532619699e-7
3.944	1.0718282690609232e-7
3.946	1.068902185207061e-7
3.948	1.0659855661628532e-7
3.95	1.0630783765416101e-7
3.952	1.0601805811067709e-7
3.954	1.0572921447711762e-7
3.956	1.0544130325963876e-7
3.958	1.0515432097919448e-7
3.96	1.048682641714696e-7
3.962	1.0458312938680819e-7
3.964	1.0429891319014574e-7
3.966	1.0401561216093803e-7
3.968	1.0373322289309466e-7
3.97	1.0345174199490904e-7
3.972	1.031711660889916e-7
3.974	1.0289149181220148e-7
3.976	1.0261271581557942e-7
3.978	1.0233483476428159e-7
3.98	1.020578453375117e-7
3.982	1.0178174422845561e-7
3.984	1.0150652814421582e-7
3.986	1.01232193805745e-7
3.988	1.0095873794778234e-7
3.99	1.0068615731878616e-7
3.992	1.0041444868087286e-7
3.994	1.0014360880974941e-7
3.996	9.987363449465154e-8
3.998	9.960452253828018e-8
4.	9.933626975673663e-8