0.020000000000000004	0.006512248822047854
0.022000000000000006	0.006251800019758461
0.024000000000000004	0.00602297961921026
0.026000000000000002	0.005819789341277643
0.028000000000000004	0.005637741589517081
0.030000000000000006	0.00547327957401379
0.032	0.005323776139020527
0.034	0.005187059551436794
0.036000000000000004	0.005061383237550432
0.038000000000000006	0.004945363905254461
0.04000000000000001	0.004837803659755226
0.042	0.004737734913029613
0.044000000000000004	0.004644338271887846
0.046000000000000006	0.004556891259548602
0.048	0.004474803459167419
0.05	0.0043975495331355285
0.052000000000000005	0.004297228047700287
0.054000000000000006	0.004202935124604069
0.05600000000000001	0.004114111714248584
0.058	0.004030258889238299
0.060000000000000005	0.003950936093172428
0.062000000000000006	0.0038757751933974557
0.064	0.0038044142993619978
0.066	0.003736553788180165
0.068	0.0036719313605252683
0.07	0.0036102811382819552
0.07200000000000001	0.0035503552211378483
0.07400000000000001	0.003493072753726043
0.07600000000000001	0.0034342000486448877
0.078	0.0033739399768872016
0.08	0.00331621885460728
0.082	0.003260871268904008
0.084	0.003207764597377105
0.08600000000000001	0.0031567231177522313
0.08800000000000001	0.0031076414501750487
0.09000000000000001	0.003060396672108305
0.092	0.0030148582461378853
0.094	0.0029709670522087943
0.096	0.0029285962776969287
0.098	0.0028876621924299965
0.1	0.002848119170454317
0.10200000000000001	0.0028028128694152516
0.10400000000000001	0.002759078495725099
0.10600000000000001	0.0027168341231134157
0.10800000000000001	0.0026759759878389406
0.11	0.0026364737200912755
0.112	0.002598229375337277
0.114	0.002561176333392122
0.116	0.0025252966536632782
0.11800000000000001	0.0024904900310211238
0.12000000000000001	0.0024567281050498126
0.12200000000000001	0.002423970674071519
0.124	0.0023921436164175067
0.126	0.0023612435179593268
0.128	0.002331205872681845
0.13	0.0023019836488736103
0.132	0.0022735867541668524
0.134	0.002245934633349608
0.136	0.002219015036012086
0.138	0.002192811197110937
0.14	0.0021672643113384983
0.14200000000000002	0.0021423818866425745
0.14400000000000002	0.0021181206417048197
0.14600000000000002	0.0020944422456962417
0.14800000000000002	0.0020713714933094074
0.15	0.0020488400158145447
0.152	0.002023355236319059
0.154	0.0019985225620327484
0.156	0.0019742872668227327
0.158	0.0019506554918698991
0.16	0.0019275940789305647
0.162	0.001905066655829801
0.164	0.001883095018346817
0.166	0.0018616221967940937
0.168	0.0018406396629976564
0.17	0.0018201503413500827
0.17200000000000001	0.001800107978577068
0.17400000000000002	0.0017805205622373865
0.17600000000000002	0.0017613673237113331
0.17800000000000002	0.00174261779105546
0.18	0.0017242928754871729
0.182	0.0017063499019276632
0.184	0.001688780451767378
0.186	0.001671594069018317
0.188	0.0016547509637117866
0.19	0.0016382587216613842
0.192	0.0016221054407023622
0.194	0.0016062649058159648
0.196	0.0015907554220085454
0.198	0.0015755455969629246
0.2	0.001560626364973584
0.202	0.0015432026163058289
0.20400000000000001	0.001526131780241597
0.20600000000000002	0.0015094170891718887
0.20800000000000002	0.0014930500699407636
0.21000000000000002	0.0014770051989122274
0.21200000000000002	0.0014612949457967945
0.214	0.0014458942839715167
0.216	0.0014307910864682842
0.218	0.0014159980008755103
0.22	0.001401483214872526
0.222	0.0013872492031550517
0.224	0.0013732926571230755
0.226	0.0013595918361213697
0.228	0.001346156733489401
0.23	0.0013329699152815567
0.232	0.0013200195859864705
0.234	0.0013073193052367308
0.23600000000000002	0.0012948422158247377
0.23800000000000002	0.0012825898105928947
0.24000000000000002	0.0012705621530858032
0.24200000000000002	0.0012587407588689561
0.244	0.0012471331906207287
0.246	0.001235727709056279
0.248	0.0012245132188009426
0.25	0.0012135024765821327
0.252	0.0012026735429831808
0.254	0.0011920268006894922
0.256	0.001181564349396643
0.258	0.0011712705944697166
0.26	0.0011611509411542848
0.262	0.0011511978196078845
0.264	0.0011414016490873884
0.266	0.0011317719310427895
0.268	0.0011222928443835646
0.27	0.0011129632715633677
0.272	0.0011037863667077768
0.274	0.0010947491281934271
0.276	0.0010858551708392778
0.278	0.0010770998801614452
0.28	0.0010684750791844632
0.28200000000000003	0.0010599875672184821
0.28400000000000003	0.0010516261859425523
0.28600000000000003	0.0010433888638599568
0.28800000000000003	0.001035279111021308
0.29000000000000004	0.0010272862470225178
0.29200000000000004	0.001019412479758052
0.294	0.0010116552021491195
0.296	0.0010040075427213701
0.298	0.0009964741446846703
0.3	0.0009890473176730294
0.302	0.0009802721396214892
0.304	0.0009716371119317308
0.306	0.0009631327530205781
0.308	0.0009547593913586807
0.31	0.0009465149037194959
0.312	0.000938392840493485
0.314	0.000930395433290233
0.316	0.000922516769487928
0.318	0.0009147534301372219
0.32	0.0009071077190000966
0.322	0.0008995721342236323
0.324	0.000892146445880518
0.326	0.0008848294670019259
0.328	0.000877616000033104
0.33	0.0008705072149896776
0.332	0.0008634991163829561
0.334	0.000856588544744954
0.336	0.0008497773976982474
0.338	0.0008430598423818921
0.34	0.0008364352962531975
0.342	0.0008299030962669984
0.34400000000000003	0.000823459124369534
0.34600000000000003	0.0008171038056842747
0.34800000000000003	0.0008108344539337668
0.35000000000000003	0.0008046483594714042
0.35200000000000004	0.0007985467200071733
0.35400000000000004	0.0007925252959743753
0.356	0.0007865832427917789
0.358	0.000780720148880398
0.36	0.0007749328076365584
0.362	0.0007692211536395818
0.364	0.0007635833647139641
0.366	0.000758017244588443
0.368	0.0007525232598333065
0.37	0.0007470985326749029
0.372	0.0007417420637095381
0.374	0.0007364535271785165
0.376	0.0007312304671876308
0.378	0.0007260725223591682
0.38	0.0007209784208409416
0.382	0.0007159464119316667
0.384	0.0007109764909575413
0.386	0.0007060666995671158
0.388	0.0007012160317399174
0.39	0.0006964241598434761
0.392	0.0006916892292505978
0.394	0.0006870107239591938
0.396	0.0006823877111943369
0.398	0.0006778188137616627
0.4	0.0006733037485349644
0.402	0.00066825450226857
0.404	0.0006632679169022392
0.406	0.0006583433929803164
0.40800000000000003	0.0006534793132412345
0.41000000000000003	0.0006486748797023278
0.41200000000000003	0.0006439291459189169
0.41400000000000003	0.0006392408239578047
0.41600000000000004	0.0006346092805475853
0.41800000000000004	0.0006300333437565082
0.42000000000000004	0.0006255120045586419
0.422	0.0006210446687777802
0.424	0.0006166301118205152
0.426	0.0006122675790173735
0.428	0.0006079562882213525
0.43	0.0006036952256849961
0.432	0.0005994837429041809
0.434	0.0005953209468395693
0.436	0.0005912059875432482
0.438	0.0005871382832704946
0.44	0.0005831168977618954
0.442	0.000579141145744629
0.444	0.0005752103583354164
0.446	0.0005713237306060985
0.448	0.0005674806464241706
0.45	0.0005636803951486619
0.452	0.0005599222720981159
0.454	0.0005562057121017564
0.456	0.0005525299959578536
0.458	0.0005488945135177382
0.46	0.0005452986821318001
0.462	0.0005417418524663775
0.464	0.0005382234646019536
0.466	0.0005347429318523729
0.468	0.0005312996672544213
0.47000000000000003	0.0005278931475560492
0.47200000000000003	0.0005245227984542944
0.47400000000000003	0.000521188087318637
0.47600000000000003	0.0005178885037200165
0.47800000000000004	0.0005146235129632551
0.48000000000000004	0.0005113926193071695
0.48200000000000004	0.0005081953258058904
0.484	0.0005050311377890627
0.486	0.0005018995877937654
0.488	0.0004988001989175458
0.49	0.0004957325106038708
0.492	0.000492696076323043
0.494	0.0004896904463422172
0.496	0.00048671518758101006
0.498	0.0004837698727666876
0.5	0.00048085407969724713
0.502	0.0004775955123088944
0.504	0.0004743718529193917
0.506	0.00047118259087727317
0.508	0.0004680272265441554
0.51	0.00046490526698051245
0.512	0.0004618162299371747
0.514	0.00045875964177414564
0.516	0.00045573503692180657
0.518	0.00045274195894196603
0.52	0.00044977995922361946
0.522	0.00044684859730979485
0.524	0.0004439474408417747
0.526	0.0004410760649358213
0.528	0.00043823405240942654
0.53	0.0004354209934701554
0.532	0.000432636485523896
0.534	0.00042988013309223867
0.536	0.0004271515476180858
0.538	0.00042445034732965846
0.54	0.0004217761571011276
0.542	0.00041912860830620115
0.544	0.00041650733868588147
0.546	0.00041391199221404193
0.548	0.00041134221896813863
0.55	0.00040879767500271146
0.552	0.0004062780222260226
0.554	0.00040378292827968824
0.556	0.00040131206642120157
0.558	0.0003988651154092783
0.56	0.0003964417593919445
0.562	0.00039404168779728606
0.5640000000000001	0.00039166459522679776
0.5660000000000001	0.0003893101813512494
0.5680000000000001	0.0003869781508090149
0.5700000000000001	0.0003846682131067791
0.5720000000000001	0.0003823800825225779
0.5740000000000001	0.0003801134780110984
0.5760000000000001	0.00037786812311117545
0.5780000000000001	0.000375643745855437
0.5800000000000001	0.0003734400786820345
0.582	0.00037125685834840086
0.584	0.00036909382584698886
0.586	0.000366950726322935
0.588	0.00036482730899359695
0.59	0.00036272332706991777
0.592	0.00036063853767956915
0.594	0.0003585727017918262
0.596	0.00035652558414413357
0.598	0.0003544969531703088
0.6	0.00035248658093035715
0.602	0.0003503223492017526
0.604	0.00034817851797444755
0.606	0.00034605482834885293
0.608	0.0003439510255506934
0.61	0.00034186685885197936
0.612	0.0003398020814937518
0.614	0.0003377564506105452
0.616	0.0003357297271565303
0.618	0.00033372167583329106
0.62	0.00033173206501919554
0.622	0.000329760666700319
0.624	0.00032780725640288607
0.626	0.000325871613127185
0.628	0.0003239535192829227
0.63	0.00032205276062598654
0.632	0.0003201691261965727
0.634	0.0003183024082586497
0.636	0.0003164524022407256
0.638	0.0003146189066778861
0.64	0.00031280172315506846
0.642	0.0003110006562515498
0.644	0.00030921551348660935
0.646	0.00030744610526634605
0.648	0.0003056922448316161
0.65	0.0003039537482070697
0.652	0.00030223043415125223
0.654	0.0003005221241077552
0.656	0.00029882864215738397
0.658	0.0002971498149713177
0.66	0.0002954854717652436
0.662	0.0002938354442544388
0.664	0.0002921995666097773
0.666	0.0002905776754146394
0.668	0.00028896960962270684
0.67	0.0002873752105166182
0.672	0.00028579432166746455
0.674	0.00028422678889511286
0.676	0.00028267246022932495
0.678	0.00028113118587166897
0.68	0.00027960281815819045
0.682	0.000278087211522838
0.684	0.00027658422246161604
0.686	0.0002750937094974584
0.6880000000000001	0.0002736155331457921
0.6900000000000001	0.00027214955588079383
0.6920000000000001	0.0002706956421023062
0.6940000000000001	0.0002692536581034093
0.6960000000000001	0.0002678234720386309
0.6980000000000001	0.0002664049538927773
0.7000000000000001	0.0002649979754503763
0.7020000000000001	0.0002634560393503066
0.7040000000000001	0.0002619274251219076
0.7060000000000001	0.00026041198030288314
0.708	0.0002589095546009882
0.71	0.00025741999985712136
0.712	0.00025594317000915027
0.714	0.0002544789210564511
0.716	0.0002530271110251398
0.718	0.0002515875999339905
0.72	0.00025016024976101697
0.722	0.00024874492441070506
0.724	0.00024734148968188417
0.726	0.00024594981323622025
0.728	0.0002445697645673172
0.73	0.0002432012149704145
0.732	0.00024184403751266852
0.734	0.00024049810700400154
0.736	0.0002391632999685095
0.738	0.00023783949461641531
0.74	0.00023652657081655305
0.742	0.00023522441006937854
0.744	0.00023393289548048518
0.746	0.00023265191173462254
0.748	0.00023138134507020414
0.75	0.0002301210832542921
0.752	0.0002288710155580495
0.754	0.0002276310327326528
0.756	0.00022640102698565122
0.758	0.00022518089195776596
0.76	0.00022397052270011787
0.762	0.0002227698156518762
0.764	0.00022157866861831978
0.766	0.00022039698074930095
0.768	0.00021922465251810347
0.77	0.00021806158570068692
0.772	0.0002169076833553099
0.774	0.00021576284980252507
0.776	0.00021462699060553327
0.778	0.00021350001255089726
0.78	0.00021238182362960027
0.782	0.00021127233301844732
0.784	0.0002101714510617999
0.786	0.00020907908925363682
0.788	0.00020799516021993713
0.79	0.00020691957770137465
0.792	0.00020585225653632356
0.794	0.0002047931126441604
0.796	0.00020374206300886535
0.798	0.00020269902566291134
0.8	0.0002016639196714359
0.802	0.0002005784566327354
0.804	0.00019950151807117227
0.806	0.00019843301608423426
0.808	0.00019737286389087455
0.81	0.00019632097581447468
0.812	0.00019527726726610624
0.8140000000000001	0.00019424165472808772
0.8160000000000001	0.0001932140557378298
0.8180000000000001	0.00019219438887196176
0.8200000000000001	0.00019118257373073658
0.8220000000000001	0.00019017853092270637
0.8240000000000001	0.0001891821820496635
0.8260000000000001	0.000188193449691843
0.8280000000000001	0.00018721225739338042
0.8300000000000001	0.0001862385296480214
0.8320000000000001	0.0001852721918850744
0.8340000000000001	0.00018431317045560682
0.8360000000000001	0.00018336139261887575
0.838	0.00018241678652899167
0.84	0.00018147928122180785
0.842	0.0001805488066020329
0.844	0.00017962529343056233
0.846	0.00017870867331202446
0.848	0.00017779887868253467
0.85	0.0001768958427976572
0.852	0.0001759994997205695
0.854	0.0001751097843104236
0.856	0.00017422663221090175
0.858	0.00017334997983896452
0.86	0.00017247976437378474
0.862	0.00017161592374586514
0.864	0.00017075839662633678
0.866	0.00016990712241643345
0.868	0.0001690620412371409
0.87	0.0001682230939190133
0.872	0.0001673902219921616
0.874	0.00016656336767639985
0.876	0.0001657424738715583
0.878	0.00016492748414794923
0.88	0.00016411834273699115
0.882	0.00016331499452198412
0.884	0.00016251738502903325
0.886	0.00016172546041812072
0.888	0.00016093916747431978
0.89	0.00016015845359915044
0.892	0.0001593832668020754
0.894	0.00015861355569212924
0.896	0.0001578492694696839
0.898	0.0001570903579183434
0.9	0.00015633677139696852
0.902	0.00015553509766767697
0.904	0.0001547392997233545
0.906	0.00015394932162708736
0.908	0.0001531651080964309
0.91	0.0001523866044943313
0.912	0.00015161375682019344
0.914	0.00015084651170109174
0.916	0.0001500848163831209
0.918	0.00014932861872288473
0.92	0.00014857786717912012
0.922	0.00014783251080445386
0.924	0.0001470924992372898
0.926	0.00014635778269382374
0.928	0.0001456283119601854
0.93	0.0001449040383847024
0.932	0.0001441849138702866
0.934	0.00014347089086693914
0.936	0.0001427619223643727
0.9380000000000001	0.00014205796188474835
0.9400000000000001	0.00014135896347552678
0.9420000000000001	0.00014066488170242863
0.9440000000000001	0.00013997567164250466
0.9460000000000001	0.00013929128887731396
0.9480000000000001	0.00013861168948620526
0.9500000000000001	0.00013793683003970387
0.9520000000000001	0.00013726666759299863
0.9540000000000001	0.00013660115967952888
0.9560000000000001	0.00013594026430467125
0.9580000000000001	0.0001352839399395194
0.9600000000000001	0.00013463214551476238
0.9620000000000001	0.00013398484041465255
0.964	0.00013334198447106794
0.966	0.0001327035379576621
0.968	0.00013206946158410374
0.97	0.00013143971649040337
0.972	0.00013081426424132295
0.974	0.0001301930668208736
0.976	0.0001295760866268914
0.978	0.00012896328646569687
0.98	0.000128354629546834
0.982	0.00012775007947788628
0.984	0.00012714960025937106
0.986	0.00012655315627970923
0.988	0.00012596071231026876
0.99	0.00012537223350048222
0.992	0.00012478768537303617
0.994	0.00012420703381913078
0.996	0.00012363024509380954
0.998	0.0001230572858113574
1.	0.00012248812294076553
1.002	0.00012186133429927784
1.004	0.0001212389933318418
1.006	0.00012062105971175501
1.008	0.00012000749355712043
1.01	0.00011939825542506979
1.012	0.00011879330630607457
1.014	0.0001181926076183412
1.016	0.00011759612120228876
1.018	0.00011700380931511015
1.02	0.00011641563462541205
1.022	0.00011583156020793697
1.024	0.00011525154953835953
1.026	0.0001146755664881626
1.028	0.00011410357531958605
1.03	0.00011353554068065317
1.032	0.00011297142760026519
1.034	0.00011241120148337217
1.036	0.00011185482810621102
1.038	0.00011130227361161406
1.04	0.00011075350450438677
1.042	0.00011020848764675053
1.044	0.0001096671902538526
1.046	0.00010912957988934077
1.048	0.00010859562446100242
1.05	0.00010806529221646456
1.052	0.00010753855173895745
1.054	0.0001070153719431388
1.056	0.00010649572207097608
1.058	0.00010597957168768985
1.06	0.00010546689067775332
1.062	0.00010495764924094985
1.064	0.00010445181788848532
1.066	0.00010394936743915719
1.068	0.00010345026901557644
1.07	0.00010295449404044312
1.072	0.00010246201423287507
1.074	0.00010197280160478786
1.076	0.0001014868284573251
1.078	0.00010100406737733964
1.08	0.00010052449123392339
1.082	0.0001000480731749864
1.084	0.00009957478662388228
1.086	0.0000991046052760824
1.088	0.00009863750309589423
1.09	0.00009817345431322721
1.092	0.00009771243342040162
1.094	0.00009725441516900302
1.096	0.0000967993745667789
1.098	0.00009634728687457866
1.1	0.0000958981276033357
1.102	0.0000954518725110907
1.104	0.00009500849760005496
1.106	0.00009456797911371589
1.108	0.0000941302935339793
1.11	0.00009369541757835287
1.112	0.00009326332819716685
1.114	0.00009283400257083203
1.116	0.00009240741810713661
1.118	0.00009198355243857692
1.12	0.00009156238341972708
1.122	0.000091143889124642
1.124	0.0000907280478442958
1.1260000000000001	0.00009031483808405554
1.1280000000000001	0.00008990423856118724
1.1300000000000001	0.00008949622820239701
1.1320000000000001	0.00008909078614140298
1.1340000000000001	0.00008868789171654174
1.1360000000000001	0.00008828752446840492
1.1380000000000001	0.00008788966413750847
1.1400000000000001	0.00008749429066199136
1.1420000000000001	0.00008710138417534638
1.1440000000000001	0.00008671092500417941
1.1460000000000001	0.00008632289366599981
1.1480000000000001	0.0000859372708670382
1.1500000000000001	0.00008555403750009435
1.1520000000000001	0.00008517317464241235
1.1540000000000001	0.00008479466355358467
1.1560000000000001	0.00008441848567348175
1.158	0.00008404462262021097
1.16	0.00008367305618810068
1.162	0.00008330376834571024
1.164	0.00008293674123386772
1.166	0.00008257195716373048
1.168	0.00008220939861487331
1.17	0.00008184904823339911
1.172	0.00008149088883007595
1.174	0.00008113490337849633
1.176	0.00008078107501326133
1.178	0.00008042938702818778
1.18	0.00008007982287453772
1.182	0.00007973236615927115
1.184	0.0000793870006433217
1.186	0.00007904371023989231
1.188	0.00007870247901277497
1.19	0.00007836329117468977
1.192	0.00007802613108564672
1.194	0.00007769098325132663
1.196	0.00007735783232148411
1.198	0.00007702666308836937
1.2	0.00007669746048517072
1.202	0.00007637020958447628
1.204	0.00007604489559675505
1.206	0.00007572150386885749
1.208	0.00007540001988253377
1.21	0.00007508042925297195
1.212	0.00007476271772735301
1.214	0.00007444687118342511
1.216	0.0000741328756280942
1.218	0.00007382071719603385
1.22	0.00007351038214831075
1.222	0.0000732018568710278
1.224	0.00007289512787398439
1.226	0.00007259018178935245
1.228	0.00007228700537036895
1.23	0.00007198558549004537
1.232	0.00007168590913989163
1.234	0.00007138796342865646
1.236	0.00007109173558108312
1.238	0.00007079721293668024
1.24	0.00007050438294850757
1.242	0.00007021323318197644
1.244	0.00006992375131366517
1.246	0.00006963592513014837
1.248	0.00006934974252684084
1.25	0.0000690651915068551
1.252	0.00006874737949364816
1.254	0.00006843153373210523
1.256	0.00006811763895034948
1.258	0.00006780568001917581
1.26	0.00006749564195049411
1.262	0.00006718750989579211
1.264	0.00006688126914461672
1.266	0.000066576905123075
1.268	0.00006627440339235298
1.27	0.00006597374964725338
1.272	0.00006567492971475137
1.274	0.00006537792955256805
1.276	0.00006508273524776135
1.278	0.00006478933301533505
1.28	0.00006449770919686393
1.282	0.00006420785025913608
1.284	0.00006391974279281284
1.286	0.00006363337351110354
1.288	0.00006334872924845758
1.29	0.00006306579695927232
1.292	0.00006278456371661611
1.294	0.00006250501671096781
1.296	0.00006222714324897059
1.298	0.00006195093075220193
1.3	0.00006167636675595733
1.302	0.00006140343890804995
1.304	0.00006113213496762384
1.306	0.00006086244280398168
1.308	0.00006059435039542705
1.31	0.0000603278458281203
1.312	0.000060062917294947894
1.314	0.00005979955309440568
1.316	0.0000595377416294958
1.318	0.00005927747140663574
1.32	0.000059018731034581546
1.322	0.00005876150922336321
1.324	0.000058505794783233
1.326	0.00005825157662362582
1.328	0.0000579988437521328
1.33	0.000057747585273485974
1.332	0.00005749779038855571
1.334	0.00005724944839335983
1.336	0.0000570025486780839
1.338	0.000056757080726114045
1.34	0.000056513034113080103
1.342	0.000056270398505910706
1.344	0.000056029163661898936
1.346	0.000055789319427779485
1.348	0.00005555085573881597
1.35	0.00005531376261789929
1.352	0.00005507803017465664
1.354	0.00005484364860457011
1.356	0.00005461060818810664
1.358	0.00005437889928985713
1.36	0.000054148512357685654
1.362	0.00005391943792188949
1.364	0.000053691666594367003
1.366	0.000053465189067797304
1.368	0.000053239996114827365
1.37	0.00005301607858726988
1.372	0.000052793427415309465
1.374	0.00005257203360671856
1.3760000000000001	0.00005235188824608209
1.3780000000000001	0.000052132982494030626
1.3800000000000001	0.000051915307586482875
1.3820000000000001	0.00005169885483389653
1.3840000000000001	0.00005148361562052737
1.3860000000000001	0.00005126958140369771
1.3880000000000001	0.000051056743713071617
1.3900000000000001	0.00005084509414994
1.3920000000000001	0.000050634624386512745
1.3940000000000001	0.0000504253261652189
1.3960000000000001	0.00005021719129801528
1.3980000000000001	0.00005001021166570246
1.4000000000000001	0.0000498043792172484
1.4020000000000001	0.00004959968596912023
1.4040000000000001	0.00004939612400462255
1.4060000000000001	0.000049193685473244127
1.4080000000000001	0.00004899236259001159
1.4100000000000001	0.00004879214763484967
1.412	0.000048593032951949946
1.414	0.00004839501094914493
1.416	0.00004819807409729086
1.418	0.00004800221492965589
1.42	0.00004780742604131597
1.422	0.00004761370008855704
1.424	0.00004742102978828397
1.426	0.000047229407917435715
1.428	0.0000470388273124076
1.43	0.00004684928086847924
1.432	0.00004666076153924916
1.434	0.00004647326233607545
1.436	0.00004628677632752278
1.438	0.00004610129663881503
1.44	0.000045916816451294564
1.442	0.00004573332900188679
1.444	0.00004555082758257094
1.446	0.000045369305539856205
1.448	0.000045188756274264365
1.45	0.00004500917323981691
1.452	0.00004483054994352894
1.454	0.00004465287994490739
1.456	0.000044476156855455666
1.458	0.00004430037433818289
1.46	0.00004412552610711887
1.462	0.00004395160592683441
1.464	0.00004377860761196602
1.466	0.000043606525026746765
1.468	0.000043435352084541345
1.47	0.000043265082747386525
1.472	0.00004309571102553648
1.474	0.00004292723097701284
1.476	0.00004275963670715956
1.478	0.00004259292236820281
1.48	0.00004242708215881518
1.482	0.00004226211032368466
1.484	0.000042098001153088214
1.486	0.000041934748982470095
1.488	0.00004177234819202387
1.49	0.00004161079320627991
1.492	0.00004145007849369661
1.494	0.00004129019856625562
1.496	0.00004113114797906235
1.498	0.000040972921329949555
1.5	0.00004081551325908589
1.502	0.00004064218943816497
1.504	0.00004046983089879559
1.506	0.00004029843099179301
1.508	0.000040127983122521465
1.51	0.000039958480750375326
1.512	0.00003978991738826527
1.514	0.00003962228660211084
1.516	0.000039455582010337434
1.518	0.00003928979728337991
1.52	0.0000391249261431904
1.522	0.00003896096236275232
1.524	0.00003879789976559887
1.526	0.00003863573222533742
1.528	0.00003847445366517836
1.53	0.00003831405805746931
1.532	0.00003815453942323419
1.534	0.000037995891831717394
1.536	0.0000378381093999327
1.538	0.000037681186292216666
1.54	0.00003752511671978742
1.542	0.000037369894940307666
1.544	0.000037215515257452335
1.546	0.00003706197202048118
1.548	0.000036909259623815314
1.55	0.00003675737250661871
1.552	0.000036606305152384096
1.554	0.00003645605208852263
1.556	0.0000363066078859588
1.558	0.00003615796715872867
1.56	0.00003601012456358312
1.562	0.000035863074799594685
1.564	0.00003571681260776882
1.566	0.000035571332770658904
1.568	0.000035426630111985934
1.57	0.0000352826994962612
1.572	0.000035139535828413795
1.574	0.00003499713405342142
1.576	0.000034855489155945476
1.578	0.00003471459615996926
1.58	0.00003457445012844077
1.582	0.0000344350461629187
1.584	0.00003429637940322175
1.586	0.00003415844502708271
1.588	0.00003402123824980463
1.59	0.00003388475432392181
1.592	0.00003374898853886342
1.594	0.00003361393622062109
1.596	0.000033479592731419525
1.598	0.00003334595346939095
1.6	0.00003321301386825232
1.602	0.000033080769396986316
1.604	0.00003294921555952527
1.606	0.000032818347894438555
1.608	0.000032688161974623075
1.61	0.000032558653406996704
1.612	0.00003242981783219518
1.614	0.00003230165092427176
1.616	0.000032174148390400235
1.618	0.00003204730597058055
1.62	0.000031921119437347783
1.622	0.00003179558459548392
1.624	0.00003167069728173232
1.6260000000000001	0.000031546453364515437
1.6280000000000001	0.000031422848743655054
1.6300000000000001	0.000031299879350095655
1.6320000000000001	0.00003117754114563015
1.6340000000000001	0.000031055830122628684
1.6360000000000001	0.00003093474230377003
1.6380000000000001	0.000030814273741775836
1.6400000000000001	0.00003069442051914711
1.6420000000000001	0.000030575178747903677
1.6440000000000001	0.000030456544569326446
1.6460000000000001	0.000030338514153701436
1.6480000000000001	0.000030221083700067264
1.6500000000000001	0.00003010424943596454
1.6520000000000001	0.00002998800761718804
1.6540000000000001	0.00002987235452754102
1.6560000000000001	0.000029757286478592435
1.6580000000000001	0.000029642799809436124
1.6600000000000001	0.00002952889088645249
1.6620000000000001	0.000029415556103072603
1.6640000000000001	0.000029302791879544717
1.6660000000000001	0.00002919059466270279
1.6680000000000001	0.00002907896092573745
1.67	0.000028967887167969204
1.672	0.000028857369914623992
1.674	0.000028747405716610486
1.676	0.000028637991150300285
1.678	0.000028529122817309434
1.68	0.000028420797344282748
1.682	0.00002831301138267996
1.684	0.000028205761608563842
1.686	0.000028099044722390447
1.688	0.00002799285744880167
1.69	0.0000278871965364194
1.692	0.000027782058757641865
1.694	0.000027677440908442026
1.696	0.000027573339808167673
1.698	0.000027469752299343725
1.7	0.000027366675247476236
1.702	0.000027264105540858268
1.704	0.000027162040090378014
1.706	0.00002706047582932799
1.708	0.000026959409713216984
1.71	0.00002685883871958311
1.712	0.000026758759847808826
1.714	0.000026659170118938024
1.716	0.000026560066575494348
1.718	0.00002646144628130177
1.72	0.000026363306321306335
1.722	0.00002626564380140017
1.724	0.00002616845584824668
1.726	0.000026071739609107704
1.728	0.000025975492251672124
1.73	0.000025879710963886282
1.732	0.000025784392953785734
1.734	0.000025689535449328936
1.736	0.00002559513569823222
1.738	0.000025501190967806366
1.74	0.000025407698544794846
1.742	0.000025314655735213475
1.744	0.000025222059864191644
1.746	0.000025129908275814904
1.748	0.000025038198332969226
1.75	0.00002494692741718644
1.752	0.000024847828533708554
1.754	0.000024749235862786336
1.756	0.00002465114624512704
1.758	0.000024553556544725436
1.76	0.000024456463648666014
1.762	0.000024359864466927094
1.764	0.000024263755932186362
1.766	0.000024168134999628938
1.768	0.00002407299864675683
1.77	0.0000239783438732004
1.772	0.000023884167700531437
1.774	0.00002379046717207834
1.776	0.000023697239352742772
1.778	0.000023604481328818196
1.78	0.00002351219020781011
1.782	0.000023420363118258067
1.784	0.000023328997209559175
1.786	0.00002323808965179363
1.788	0.00002314763763555143
1.79	0.000023057638371761187
1.792	0.000022968089091520403
1.794	0.000022878987045927014
1.796	0.000022790329505913227
1.798	0.00002270211376208013
1.8	0.00002261433712453452
1.802	0.000022526996922726944
1.804	0.00002244009050529118
1.806	0.00002235361523988545
1.808	0.0000222675685130351
1.81	0.00002218194772997656
1.812	0.000022096750314502928
1.814	0.000022011973708811033
1.816	0.000021927615373349664
1.818	0.000021843672786669658
1.82	0.000021760143445274906
1.822	0.00002167702486347505
1.824	0.00002159431457323955
1.826	0.000021512010124052845
1.828	0.000021430109082771153
1.83	0.00002134860903348053
1.832	0.000021267507577356
1.834	0.00002118680233252244
1.836	0.000021106490933916255
1.838	0.000021026571033148648
1.84	0.000020947040298370165
1.842	0.00002086789641413622
1.844	0.000020789137081274195
1.846	0.000020710760016751404
1.848	0.000020632762953544606
1.85	0.00002055514364051051
1.852	0.000020477899842257504
1.854	0.00002040102933901866
1.856	0.000020324529926525574
1.858	0.000020248399415883966
1.86	0.000020172635633449673
1.862	0.000020097236420706374
1.864	0.000020022199634144135
1.866	0.000019947523145139083
1.868	0.00001987320483983424
1.87	0.000019799242619021368
1.872	0.000019725634398024
1.874	0.00001965237810658133
1.8760000000000001	0.0000195794716887334
1.8780000000000001	0.000019506913102707092
1.8800000000000001	0.000019434700320803285
1.8820000000000001	0.000019362831329285066
1.8840000000000001	0.00001929130412826672
1.8860000000000001	0.000019220116731604108
1.8880000000000001	0.00001914926716678547
1.8900000000000001	0.000019078753474823925
1.8920000000000001	0.000019008573710150196
1.8940000000000001	0.000018938725940506825
1.8960000000000001	0.000018869208246843162
1.8980000000000001	0.000018800018723211196
1.9000000000000001	0.000018731155476662456
1.9020000000000001	0.0000186626166271457
1.9040000000000001	0.00001859440030740582
1.9060000000000001	0.000018526504662883052
1.9080000000000001	0.00001845892785161379
1.9100000000000001	0.000018391668044131773
1.9120000000000001	0.00001832472342337032
1.9140000000000001	0.00001825809218456546
1.9160000000000001	0.000018191772535159855
1.9180000000000001	0.000018125762694707666
1.9200000000000002	0.00001806006089478014
1.9220000000000002	0.000017994665378872047
1.924	0.00001792957440230907
1.926	0.000017864786232155868
1.928	0.000017800299147125046
1.93	0.00001773611143748681
1.932	0.000017672221404979504
1.934	0.000017608627362720965
1.936	0.00001754532763512058
1.938	0.00001748232055779204
1.94	0.000017419604477467095
1.942	0.00001735717775190984
1.944	0.000017295038749831797
1.946	0.00001723318585080784
1.948	0.000017171617445192697
1.95	0.000017110331934038382
1.952	0.000017049327729012055
1.954	0.000016988603252314896
1.956	0.000016928156936601485
1.958	0.000016867987224899942
1.96	0.0000168080925705328
1.962	0.000016748471437038458
1.964	0.00001668912229809343
1.966	0.000016630043637435172
1.968	0.00001657123394878566
1.97	0.00001651269173577547
1.972	0.00001645441551186879
1.974	0.00001639640380028872
1.976	0.000016338655133943482
1.978	0.000016281168055353273
1.98	0.000016223941116577417
1.982	0.000016166972879142577
1.984	0.000016110261913971343
1.986	0.00001605380680131133
1.988	0.000015997606130665187
1.99	0.000015941658500720927
1.992	0.000015885962519282916
1.994	0.00001583051680320365
1.996	0.000015775319978315756
1.998	0.000015720370679364873
2.	0.000015665667549942966
2.0020000000000002	0.00001417198194851691
2.004	0.000014119519505728041
2.0060000000000002	0.00001406730331200387
2.008	0.000014015331967709976
2.0100000000000002	0.000013963604082550027
2.012	0.000013912118275494423
2.0140000000000002	0.000013860873174709218
2.016	0.000013809867417485975
2.0180000000000002	0.00001375909965017201
2.02	0.000013708568528101443
2.0220000000000002	0.000013658272715526516
2.024	0.0000136082108855499
2.0260000000000002	0.00001355838172005725
2.028	0.000013508783909650583
2.0300000000000002	0.000013459416153582009
2.032	0.000013410277159688231
2.0340000000000003	0.000013361365644325505
2.036	0.000013312680332305061
2.0380000000000003	0.000013264219956829354
2.04	0.000013215983259428545
2.0420000000000003	0.000013167968989897692
2.044	0.000013120175906234533
2.0460000000000003	0.000013072602774577603
2.048	0.000013025248369145027
2.0500000000000003	0.000012978111472173804
2.052	0.000012931190873859604
2.054	0.000012884485372297054
2.056	0.000012837993773420498
2.058	0.000012791714890945373
2.06	0.000012745647546309938
2.062	0.000012699790568617669
2.064	0.000012654142794579908
2.066	0.00001260870306845924
2.068	0.000012563470242013097
2.07	0.000012518443174438161
2.072	0.000012473620732314793
2.074	0.000012429001789552428
2.076	0.000012384585227335021
2.078	0.000012340369934067132
2.08	0.00001229635480532048
2.082	0.000012252538743780855
2.084	0.000012208920659195536
2.086	0.000012165499468321182
2.088	0.000012122274094871954
2.09	0.00001207924346946844
2.092	0.000012036406529586574
2.094	0.000011993762219507333
2.096	0.000011951309490266649
2.098	0.000011909047299605839
2.1	0.00001186697461192234
2.102	0.000011825090398220958
2.104	0.000011783393636065516
2.106	0.00001174188330953079
2.108	0.000011700558409154938
2.11	0.000011659417931892354
2.112	0.000011618460881066773
2.114	0.00001157768626632492
2.116	0.00001153709310359042
2.118	0.000011496680415018146
2.12	0.000011456447228948897
2.122	0.00001141639257986459
2.124	0.000011376515508343542
2.126	0.000011336815061016429
2.128	0.000011297290290522349
2.13	0.000011257940255465495
2.132	0.000011218764020371866
2.134	0.000011179760655646671
2.136	0.000011140929237531775
2.138	0.000011102268848063784
2.14	0.000011063778575032156
2.142	0.000011025457511937959
2.144	0.000010987304757952744
2.146	0.000010949319417877837
2.148	0.000010911500602103966
2.15	0.000010873847426571231
2.152	0.00001083635901272929
2.154	0.000010799034487498021
2.156	0.000010761872983228376
2.158	0.00001072487363766362
2.16	0.000010688035593900906
2.162	0.00001065135800035302
2.164	0.000010614840010710594
2.166	0.000010578480783904597
2.168	0.000010542279484068972
2.17	0.000010506235280503822
2.172	0.000010470347347638638
2.174	0.000010434614864996019
2.176	0.000010399037017155601
2.178	0.000010363612993718272
2.18	0.000010328341989270595
2.182	0.000010293223203349795
2.184	0.000010258255840408597
2.186	0.000010223439109780728
2.188	0.000010188772225646538
2.19	0.000010154254406998795
2.192	0.000010119884877608952
2.194	0.000010085662865993575
2.196	0.000010051587605380975
2.198	0.000010017658333678261
2.2	9.983874293438506e-6
2.202	9.950234731828289e-6
2.204	9.916738900595377e-6
2.206	9.883386056036775e-6
2.208	9.850175458966967e-6
2.21	9.817106374686365e-6
2.212	9.784178072950176e-6
2.214	9.751389827937241e-6
2.216	9.71874091821943e-6
2.218	9.686230626730978e-6
2.22	9.653858240738335e-6
2.222	9.621623051810018e-6
2.224	9.589524355786854e-6
2.226	9.55756145275241e-6
2.228	9.525733647003612e-6
2.23	9.494040247021659e-6
2.232	9.462480565443142e-6
2.234	9.431053919031353e-6
2.236	9.399759628647828e-6
2.238	9.368597019224223e-6
2.24	9.337565419734205e-6
2.242	9.30666416316572e-6
2.244	9.275892586493404e-6
2.246	9.245250030651306e-6
2.248	9.214735840505626e-6
2.25	9.184349364827865e-6
2.2520000000000002	9.15222079256831e-6
2.254	9.120232983276507e-6
2.2560000000000002	9.088385196155261e-6
2.258	9.056676694957855e-6
2.2600000000000002	9.025106747956058e-6
2.262	8.993674627908523e-6
2.2640000000000002	8.9623796120292e-6
2.266	8.931220981956246e-6
2.2680000000000002	8.90019802372102e-6
2.27	8.869310027717445e-6
2.2720000000000002	8.838556288671398e-6
2.274	8.807936105610642e-6
2.2760000000000002	8.777448781834708e-6
2.278	8.747093624885269e-6
2.2800000000000002	8.716869946516457e-6
2.282	8.68677706266571e-6
2.2840000000000003	8.656814293424632e-6
2.286	8.626980963010212e-6
2.2880000000000003	8.597276399736138e-6
2.29	8.567699935984483e-6
2.2920000000000003	8.538250908177502e-6
2.294	8.50892865674972e-6
2.2960000000000003	8.47973252612014e-6
2.298	8.450661864664799e-6
2.3000000000000003	8.4217160246894e-6
2.302	8.39289436240232e-6
2.3040000000000003	8.364196237887598e-6
2.306	8.33562101507842e-6
2.308	8.307168061730514e-6
2.31	8.278836749395977e-6
2.312	8.250626453397204e-6
2.314	8.222536552801021e-6
2.316	8.194566430393046e-6
2.318	8.166715472652188e-6
2.32	8.138983069725455e-6
2.322	8.111368615402822e-6
2.324	8.083871507092433e-6
2.326	8.056491145795809e-6
2.328	8.029226936083456e-6
2.33	8.002078286070525e-6
2.332	7.975044607392652e-6
2.334	7.948125315182086e-6
2.336	7.92131982804392e-6
2.338	7.894627568032469e-6
2.34	7.86804796062795e-6
2.342	7.84158043471324e-6
2.344	7.815224422550826e-6
2.346	7.788979359759987e-6
2.348	7.762844685294042e-6
2.35	7.736819841417917e-6
2.352	7.710904273685724e-6
2.354	7.685097430918653e-6
2.356	7.659398765182948e-6
2.358	7.633807731768042e-6
2.36	7.608323789164898e-6
2.362	7.582946399044514e-6
2.364	7.557675026236605e-6
2.366	7.532509138708326e-6
2.368	7.507448207543332e-6
2.37	7.482491706920898e-6
2.372	7.4576391140951665e-6
2.374	7.432889909374638e-6
2.376	7.408243576101758e-6
2.378	7.3836996006326425e-6
2.38	7.359257472317069e-6
2.382	7.334916683478403e-6
2.384	7.310676729393956e-6
2.386	7.28653710827519e-6
2.388	7.262497321248337e-6
2.39	7.238556872334975e-6
2.392	7.214715268432865e-6
2.394	7.190972019296838e-6
2.396	7.1673266375199435e-6
2.398	7.143778638514584e-6
2.4	7.1203275404939555e-6
2.402	7.096972864453439e-6
2.404	7.0737141341523824e-6
2.406	7.05055087609572e-6
2.408	7.0274826195159725e-6
2.41	7.004508896355267e-6
2.412	6.981629241247495e-6
2.414	6.958843191500631e-6
2.416	6.936150287079183e-6
2.418	6.9135500705867004e-6
2.42	6.891042087248537e-6
2.422	6.868625884894623e-6
2.424	6.846301013942475e-6
2.426	6.824067027380191e-6
2.428	6.801923480749698e-6
2.43	6.7798699321300635e-6
2.432	6.757905942120971e-6
2.434	6.736031073826218e-6
2.436	6.714244892837456e-6
2.438	6.6925469672179845e-6
2.44	6.670936867486692e-6
2.442	6.649414166602059e-6
2.444	6.627978439946355e-6
2.446	6.606629265309865e-6
2.448	6.585366222875382e-6
2.45	6.564188895202572e-6
2.452	6.543096867212705e-6
2.454	6.522089726173304e-6
2.456	6.50116706168306e-6
2.458	6.480328465656708e-6
2.46	6.459573532310133e-6
2.462	6.43890185814554e-6
2.464	6.418313041936688e-6
2.466	6.397806684714305e-6
2.468	6.3773823897515805e-6
2.47	6.357039762549739e-6
2.472	6.336778410823739e-6
2.474	6.3165979444880815e-6
2.476	6.296497975642708e-6
2.478	6.276478118559008e-6
2.48	6.256537989665943e-6
2.482	6.236677207536169e-6
2.484	6.216895392872486e-6
2.486	6.197192168494079e-6
2.488	6.177567159323158e-6
2.49	6.1580199923714416e-6
2.492	6.138550296726958e-6
2.494	6.1191577035407155e-6
2.496	6.099841846013714e-6
2.498	6.080602359383794e-6
2.5	6.061438880912818e-6
2.5020000000000002	6.0414611160120385e-6
2.504	6.0215650796114885e-6
2.5060000000000002	6.0017503724837395e-6
2.508	5.982016597667969e-6
2.5100000000000002	5.962363360455231e-6
2.512	5.942790268373922e-6
2.5140000000000002	5.9232969311753406e-6
2.516	5.903882960819319e-6
2.5180000000000002	5.884547971460004e-6
2.52	5.865291579431714e-6
2.5220000000000002	5.846113403234888e-6
2.524	5.8270130635221856e-6
2.5260000000000002	5.807990183084595e-6
2.528	5.789044386837765e-6
2.5300000000000002	5.7701753018083425e-6
2.532	5.7513825571204e-6
2.5340000000000003	5.73266578398207e-6
2.536	5.714024615672127e-6
2.5380000000000003	5.695458687526807e-6
2.54	5.676967636926588e-6
2.5420000000000003	5.658551103283203e-6
2.544	5.640208728026625e-6
2.5460000000000003	5.621940154592201e-6
2.548	5.6037450284079096e-6
2.5500000000000003	5.58562299688162e-6
2.552	5.56757370938856e-6
2.5540000000000003	5.54959681725874e-6
2.556	5.531691973764572e-6
2.5580000000000003	5.513858834108555e-6
2.56	5.4960970554109895e-6
2.5620000000000003	5.47840629669788e-6
2.564	5.460786218888799e-6
2.566	5.4432364847849594e-6
2.568	5.425756759057313e-6
2.57	5.408346708234697e-6
2.572	5.391006000692145e-6
2.574	5.373734306639241e-6
2.576	5.356531298108528e-6
2.578	5.339396648944047e-6
2.58	5.322330034789918e-6
2.582	5.3053311330790655e-6
2.584	5.288399623021922e-6
2.586	5.271535185595307e-6
2.588	5.254737503531301e-6
2.59	5.238006261306311e-6
2.592	5.221341145130078e-6
2.594	5.204741842934854e-6
2.596	5.1882080443646355e-6
2.598	5.171739440764464e-6
2.6	5.155335725169761e-6
2.602	5.138996592295858e-6
2.604	5.122721738527441e-6
2.606	5.106510861908208e-6
2.608	5.09036366213052e-6
2.61	5.074279840525126e-6
2.612	5.058259100051017e-6
2.614	5.042301145285266e-6
2.616	5.026405682413023e-6
2.618	5.010572419217535e-6
2.62	4.9948010650702054e-6
2.622	4.9790913309208315e-6
2.624	4.96344292928775e-6
2.626	4.947855574248201e-6
2.628	4.9323289814286836e-6
2.63	4.916862867995383e-6
2.632	4.901456952644661e-6
2.634	4.886110955593651e-6
2.636	4.8708245985708575e-6
2.638	4.855597604806896e-6
2.64	4.840429699025214e-6
2.642	4.825320607432923e-6
2.644	4.810270057711711e-6
2.646	4.795277779008778e-6
2.648	4.780343501927831e-6
2.65	4.765466958520207e-6
2.652	4.7506478822759605e-6
2.654	4.735886008115077e-6
2.656	4.721181072378758e-6
2.658	4.706532812820703e-6
2.66	4.691940968598498e-6
2.662	4.677405280265061e-6
2.664	4.662925489760125e-6
2.666	4.648501340401818e-6
2.668	4.6341325768782154e-6
2.67	4.619818945239085e-6
2.672	4.605560192887549e-6
2.674	4.5913560685719125e-6
2.676	4.577206322377457e-6
2.678	4.563110705718368e-6
2.68	4.54906897132968e-6
2.682	4.535080873259254e-6
2.684	4.521146166859861e-6
2.686	4.507264608781294e-6
2.688	4.493435956962509e-6
2.69	4.479659970623868e-6
2.692	4.465936410259395e-6
2.694	4.452265037629103e-6
2.696	4.438645615751382e-6
2.698	4.4250779088953995e-6
2.7	4.411561682573601e-6
2.702	4.398096703534227e-6
2.704	4.384682739753898e-6
2.706	4.371319560430237e-6
2.708	4.358006935974548e-6
2.71	4.344744638004562e-6
2.712	4.331532439337186e-6
2.714	4.318370113981338e-6
2.716	4.305257437130837e-6
2.718	4.292194185157306e-6
2.72	4.279180135603142e-6
2.722	4.266215067174538e-6
2.724	4.253298759734539e-6
2.726	4.2404309942961605e-6
2.728	4.227611553015537e-6
2.73	4.214840219185122e-6
2.732	4.202116777226938e-6
2.734	4.189441012685874e-6
2.736	4.176812712222977e-6
2.738	4.164231663608924e-6
2.74	4.151697655717346e-6
2.742	4.139210478518351e-6
2.744	4.126769923072046e-6
2.746	4.114375781522041e-6
2.748	4.102027847089096e-6
2.75	4.089725914064733e-6
2.7520000000000002	4.076873146410614e-6
2.754	4.064070064412581e-6
2.7560000000000002	4.05131644012448e-6
2.758	4.038612046810263e-6
2.7600000000000002	4.0259566589366806e-6
2.762	4.013350052166057e-6
2.7640000000000002	4.000792003349072e-6
2.766	3.988282290517642e-6
2.7680000000000002	3.975820692877775e-6
2.77	3.963406990802565e-6
2.7720000000000002	3.9510409658251475e-6
2.774	3.938722400631773e-6
2.7760000000000002	3.926451079054865e-6
2.778	3.914226786066183e-6
2.7800000000000002	3.902049307769994e-6
2.782	3.889918431396278e-6
2.7840000000000003	3.8778339452940265e-6
2.786	3.86579563892455e-6
2.7880000000000003	3.853803302854852e-6
2.79	3.841856728751008e-6
2.7920000000000003	3.829955709371616e-6
2.794	3.818100038561344e-6
2.7960000000000003	3.8062895112443885e-6
2.798	3.794523923418116e-6
2.8000000000000003	3.7828030721466465e-6
2.802	3.7711267555545423e-6
2.8040000000000003	3.75949477282051e-6
2.806	3.747906924171152e-6
2.8080000000000003	3.736363010874734e-6
2.81	3.7248628352350445e-6
2.8120000000000003	3.71340620058526e-6
2.814	3.7019929112818562e-6
2.8160000000000003	3.690622772698549e-6
2.818	3.679295591220318e-6
2.8200000000000003	3.6680111742374068e-6
2.822	3.6567693301394155e-6
2.824	3.6455698683094104e-6
2.826	3.6344125991180607e-6
2.828	3.6232973339178517e-6
2.83	3.6122238850372792e-6
2.832	3.6011920657751544e-6
2.834	3.5902016903948715e-6
2.836	3.579252574118781e-6
2.838	3.568344533122519e-6
2.84	3.5574773845294773e-6
2.842	3.546650946405225e-6
2.844	3.5358650377519916e-6
2.846	3.525119478503204e-6
2.848	3.5144140895180495e-6
2.85	3.5037486925760383e-6
2.852	3.493123110371687e-6
2.854	3.4825371665091333e-6
2.856	3.4719906854968644e-6
2.858	3.461483492742448e-6
2.86	3.4510154145473056e-6
2.862	3.4405862781014827e-6
2.864	3.4301959114785472e-6
2.866	3.4198441436303856e-6
2.868	3.4095308043821775e-6
2.87	3.3992557244272867e-6
2.872	3.3890187353222503e-6
2.874	3.3788196694817655e-6
2.876	3.3686583601737444e-6
2.878	3.3585346415143628e-6
2.88	3.3484483484631843e-6
2.882	3.338399316818249e-6
2.884	3.3283873832112808e-6
2.886	3.3184123851028597e-6
2.888	3.3084741607776313e-6
2.89	3.2985725493395974e-6
2.892	3.288707390707361e-6
2.894	3.2788785256094842e-6
2.896	3.269085795579803e-6
2.898	3.2593290429528083e-6
2.9	3.249608110859073e-6
2.902	3.2399228432206517e-6
2.904	3.2302730847465867e-6
2.906	3.2206586809283684e-6
2.908	3.211079478035465e-6
2.91	3.201535323110894e-6
2.912	3.192026063966777e-6
2.914	3.1825515491799523e-6
2.916	3.173111628087625e-6
2.918	3.163706150783018e-6
2.92	3.154334968111083e-6
2.922	3.144997931664175e-6
2.924	3.1356948937778506e-6
2.926	3.126425707526618e-6
2.928	3.117190226719728e-6
2.93	3.1079883058970083e-6
2.932	3.098819800324752e-6
2.934	3.089684565991524e-6
2.936	3.080582459604141e-6
2.938	3.0715133385835465e-6
2.94	3.062477061060828e-6
2.942	3.053473485873126e-6
2.944	3.044502472559719e-6
2.946	3.035563881358002e-6
2.948	3.0266575731995736e-6
2.95	3.0177834097063103e-6
2.952	3.0089412531864736e-6
2.954	3.000130966630865e-6
2.956	2.991352413708938e-6
2.958	2.982605458765038e-6
2.96	2.973889966814564e-6
2.962	2.9652058035402118e-6
2.964	2.95655283528824e-6
2.966	2.9479309290647176e-6
2.968	2.939339952531871e-6
2.97	2.9307797740043564e-6
2.972	2.9222502624456365e-6
2.974	2.9137512874643565e-6
2.976	2.905282719310715e-6
2.978	2.8968444288728824e-6
2.98	2.8884362876734613e-6
2.982	2.8800581678659067e-6
2.984	2.871709942231053e-6
2.986	2.8633914841735892e-6
2.988	2.8551026677185787e-6
2.99	2.846843367508034e-6
2.992	2.8386134587974588e-6
2.994	2.830412817452459e-6
2.996	2.822241319945339e-6
2.998	2.8140988433517385e-6
3.	2.8059852653472968e-6
3.0020000000000002	2.797606219196244e-6
3.004	2.7892577494711605e-6
3.0060000000000002	2.7809397243481365e-6
3.008	2.7726520126587686e-6
3.0100000000000002	2.7643944838864443e-6
3.012	2.756167008162711e-6
3.0140000000000002	2.7479694562635928e-6
3.016	2.739801699606005e-6
3.0180000000000002	2.7316636102441055e-6
3.02	2.723555060865764e-6
3.0220000000000002	2.7154759247889854e-6
3.024	2.707426075958376e-6
3.0260000000000002	2.6994053889416215e-6
3.028	2.6914137389260317e-6
3.0300000000000002	2.683451001715043e-6
3.032	2.675517053724787e-6
3.0340000000000003	2.667611771980654e-6
3.036	2.659735034113908e-6
3.0380000000000003	2.651886718358289e-6
3.04	2.644066703546663e-6
3.0420000000000003	2.6362748691076798e-6
3.044	2.6285110950624556e-6
3.0460000000000003	2.6207752620212654e-6
3.048	2.613067251180287e-6
3.0500000000000003	2.6053869443183185e-6
3.052	2.5977342237935575e-6
3.0540000000000003	2.5901089725403832e-6
3.056	2.582511074066157e-6
3.0580000000000003	2.574940412448037e-6
3.06	2.5673968723298455e-6
3.0620000000000003	2.5598803389188947e-6
3.064	2.5523906979829025e-6
3.0660000000000003	2.5449278358468778e-6
3.068	2.5374916393900414e-6
3.0700000000000003	2.530081996042757e-6
3.072	2.522698793783515e-6
3.0740000000000003	2.515341921135878e-6
3.076	2.5080112671655033e-6
3.078	2.500706721477128e-6
3.08	2.493428174211634e-6
3.082	2.486175516043071e-6
3.084	2.4789486381757345e-6
3.086	2.4717474323412654e-6
3.088	2.4645717907957324e-6
3.09	2.457421606316772e-6
3.092	2.450296772200711e-6
3.094	2.443197182259746e-6
3.096	2.4361227308190986e-6
3.098	2.429073312714221e-6
3.1	2.422048823287997e-6
3.102	2.4150491583879686e-6
3.104	2.408074214363581e-6
3.106	2.4011238880634513e-6
3.108	2.394198076832627e-6
3.11	2.387296678509899e-6
3.112	2.3804195914250984e-6
3.114	2.3735667143964197e-6
3.116	2.3667379467277817e-6
3.118	2.3599331882061722e-6
3.12	2.353152339099013e-6
3.122	2.3463953001515825e-6
3.124	2.3396619725843853e-6
3.126	2.332952258090601e-6
3.128	2.3262660588335117e-6
3.13	2.3196032774439525e-6
3.132	2.312963817017782e-6
3.134	2.3063475811133813e-6
3.136	2.2997544737491226e-6
3.138	2.2931843994009127e-6
3.14	2.2866372629997133e-6
3.142	2.28011296992907e-6
3.144	2.2736114260226987e-6
3.146	2.267132537562039e-6
3.148	2.2606762112738407e-6
3.15	2.254242354327792e-6
3.152	2.247830874334102e-6
3.154	2.2414416793411645e-6
3.156	2.2350746778331775e-6
3.158	2.2287297787278255e-6
3.16	2.2224068913739314e-6
3.162	2.2161059255491595e-6
3.164	2.2098267914577263e-6
3.166	2.2035693997280892e-6
3.168	2.1973336614106942e-6
3.17	2.191119487975716e-6
3.172	2.18492679131081e-6
3.174	2.1787554837188927e-6
3.176	2.1726054779159107e-6
3.178	2.1664766870286388e-6
3.18	2.160369024592503e-6
3.182	2.1542824045493953e-6
3.184	2.148216741245499e-6
3.186	2.1421719494291516e-6
3.188	2.136147944248695e-6
3.19	2.130144641250362e-6
3.192	2.124161956376146e-6
3.194	2.1181998059617148e-6
3.196	2.1122581067343136e-6
3.198	2.106336775810693e-6
3.2	2.1004357306950423e-6
3.202	2.094554889276936e-6
3.204	2.0886941698293045e-6
3.206	2.0828534910063938e-6
3.208	2.077032771841753e-6
3.21	2.071231931746237e-6
3.212	2.065450890506011e-6
3.214	2.0596895682805714e-6
3.216	2.053947885600766e-6
3.218	2.048225763366863e-6
3.22	2.0425231228465766e-6
3.222	2.036839885673157e-6
3.224	2.0311759738434484e-6
3.226	2.025531309715998e-6
3.228	2.0199058160091304e-6
3.23	2.014299415799088e-6
3.232	2.0087120325181253e-6
3.234	2.003143589952671e-6
3.236	1.997594012241444e-6
3.238	1.99206322387363e-6
3.24	1.9865511496870283e-6
3.242	1.9810577148662522e-6
3.244	1.975582844940893e-6
3.246	1.9701264657837335e-6
3.248	1.9646885036089455e-6
3.25	1.9592688849703137e-6
3.2520000000000002	1.953726127974281e-6
3.254	1.9482024447293816e-6
3.2560000000000002	1.9426977579361534e-6
3.258	1.9372119906556157e-6
3.2600000000000002	1.9317450663073483e-6
3.262	1.9262969086676325e-6
3.2640000000000002	1.920867441867546e-6
3.266	1.915456590391112e-6
3.2680000000000002	1.91006427907343e-6
3.27	1.9046904330988459e-6
3.2720000000000002	1.899334977999098e-6
3.274	1.8939978396515025e-6
3.2760000000000002	1.888678944277151e-6
3.278	1.8833782184390843e-6
3.2800000000000002	1.8780955890405215e-6
3.282	1.8728309833230602e-6
3.2840000000000003	1.8675843288649208e-6
3.286	1.8623555535791782e-6
3.2880000000000003	1.8571445857120058e-6
3.29	1.8519513538409517e-6
3.2920000000000003	1.846775786873184e-6
3.294	1.8416178140437947e-6
3.2960000000000003	1.8364773649140694e-6
3.298	1.8313543693698062e-6
3.3000000000000003	1.8262487576196016e-6
3.302	1.821160460193195e-6
3.3040000000000003	1.8160894079397806e-6
3.306	1.8110355320263498e-6
3.3080000000000003	1.8059987639360462e-6
3.31	1.8009790354665155e-6
3.3120000000000003	1.795976278728277e-6
3.314	1.7909904261430997e-6
3.3160000000000003	1.786021410442388e-6
3.318	1.7810691646655798e-6
3.3200000000000003	1.7761336221585487e-6
3.322	1.771214716572025e-6
3.3240000000000003	1.7663123818599962e-6
3.326	1.76142655227818e-6
3.3280000000000003	1.7565571623824276e-6
3.33	1.7517041470271906e-6
3.332	1.746867441363985e-6
3.334	1.742046980839841e-6
3.336	1.7372427011958078e-6
3.338	1.7324545384654075e-6
3.34	1.7276824289731627e-6
3.342	1.7229263093330693e-6
3.344	1.7181861164471313e-6
3.346	1.7134617875038592e-6
3.348	1.7087532599768293e-6
3.35	1.7040604716231882e-6
3.352	1.6993833604822205e-6
3.354	1.6947218648738885e-6
3.356	1.690075923397406e-6
3.358	1.6854454749297993e-6
3.36	1.6808304586245013e-6
3.362	1.676230813909912e-6
3.364	1.6716464804880208e-6
3.366	1.6670773983329818e-6
3.368	1.6625235076897593e-6
3.37	1.6579847490727054e-6
3.372	1.6534610632642233e-6
3.374	1.6489523913133768e-6
3.376	1.6444586745345448e-6
3.378	1.6399798545060695e-6
3.38	1.6355158730689054e-6
3.382	1.6310666723252962e-6
3.384	1.6266321946374367e-6
3.386	1.6222123826261623e-6
3.388	1.6178071791696367e-6
3.39	1.6134165274020294e-6
3.392	1.6090403707122438e-6
3.394	1.60467865274261e-6
3.396	1.6003313173876062e-6
3.398	1.59599830879258e-6
3.4	1.5916795713524918e-6
3.402	1.5873750497106332e-6
3.404	1.5830846887573936e-6
3.406	1.578808433629001e-6
3.408	1.5745462297062766e-6
3.41	1.5702980226134239e-6
3.412	1.566063758216779e-6
3.414	1.5618433826235955e-6
3.416	1.557636842180848e-6
3.418	1.5534440834740091e-6
3.42	1.549265053325857e-6
3.422	1.5450996987952828e-6
3.424	1.540947967176106e-6
3.426	1.5368098059958951e-6
3.428	1.5326851630147882e-6
3.43	1.5285739862243453e-6
3.432	1.5244762238463672e-6
3.434	1.5203918243317602e-6
3.436	1.5163207363593785e-6
3.438	1.5122629088348918e-6
3.44	1.5082182908896447e-6
3.442	1.504186831879538e-6
3.444	1.5001684813839018e-6
3.446	1.4961631892043748e-6
3.448	1.4921709053638188e-6
3.45	1.488191580105185e-6
3.452	1.4842251638904417e-6
3.454	1.4802716073994748e-6
3.456	1.4763308615290062e-6
3.458	1.4724028773915065e-6
3.46	1.4684876063141465e-6
3.462	1.4645849998376976e-6
3.464	1.4606950097155049e-6
3.466	1.4568175879124048e-6
3.468	1.4529526866036992e-6
3.47	1.4491002581740984e-6
3.472	1.4452602552166902e-6
3.474	1.4414326305319027e-6
3.476	1.437617337126489e-6
3.478	1.4338143282124958e-6
3.48	1.4300235572062617e-6
3.482	1.4262449777273925e-6
3.484	1.4224785435977754e-6
3.486	1.4187242088405705e-6
3.488	1.4149819276792209e-6
3.49	1.411251654536464e-6
3.492	1.4075333440333616e-6
3.494	1.4038269509883042e-6
3.496	1.4001324304160599e-6
3.498	1.3964497375267992e-6
3.5	1.3927788277251345e-6
3.5020000000000002	1.38901133934502e-6
3.504	1.3852561843655879e-6
3.5060000000000002	1.381513315406642e-6
3.508	1.3777826852968875e-6
3.5100000000000002	1.3740642470728818e-6
3.512	1.3703579539780157e-6
3.5140000000000002	1.366663759461466e-6
3.516	1.362981617177186e-6
3.5180000000000002	1.3593114809828877e-6
3.52	1.3556533049390298e-6
3.5220000000000002	1.3520070433078064e-6
3.524	1.3483726505521577e-6
3.5260000000000002	1.344750081334767e-6
3.528	1.3411392905170782e-6
3.5300000000000002	1.3375402331583114e-6
3.532	1.3339528645144774e-6
3.5340000000000003	1.3303771400374148e-6
3.536	1.3268130153738188e-6
3.5380000000000003	1.3232604463642762e-6
3.54	1.319719389042318e-6
3.5420000000000003	1.316189799633457e-6
3.544	1.3126716345542492e-6
3.5460000000000003	1.309164850411352e-6
3.548	1.3056694040005843e-6
3.5500000000000003	1.3021852523059962e-6
3.552	1.298712352498956e-6
3.5540000000000003	1.2952506619372085e-6
3.556	1.2918001381639764e-6
3.5580000000000003	1.288360738907042e-6
3.56	1.2849324220778485e-6
3.5620000000000003	1.281515145770589e-6
3.564	1.2781088682613182e-6
3.5660000000000003	1.274713548007066e-6
3.568	1.2713291436449402e-6
3.5700000000000003	1.267955613991253e-6
3.572	1.2645929180406452e-6
3.5740000000000003	1.2612410149652068e-6
3.576	1.25789986411363e-6
3.5780000000000003	1.2545694250103151e-6
3.58	1.2512496573545492e-6
3.5820000000000003	1.2479405210196208e-6
3.584	1.2446419760520022e-6
3.5860000000000003	1.241353982670482e-6
3.588	1.2380765012653335e-6
3.59	1.234809492397488e-6
3.592	1.231552916797698e-6
3.594	1.2283067353657153e-6
3.596	1.2250709091694578e-6
3.598	1.22184539944422e-6
3.6	1.2186301675918326e-6
3.602	1.2154251751798715e-6
3.604	1.2122303839408463e-6
3.606	1.209045755771414e-6
3.608	1.2058712527315649e-6
3.61	1.202706837043855e-6
3.612	1.1995524710925953e-6
3.614	1.196408117423094e-6
3.616	1.1932737387408632e-6
3.618	1.1901492979108495e-6
3.62	1.187034757956668e-6
3.622	1.183930082059832e-6
3.624	1.1808352335589985e-6
3.626	1.1777501759492063e-6
3.628	1.1746748728811197e-6
3.63	1.171609288160294e-6
3.632	1.168553385746413e-6
3.634	1.1655071297525608e-6
3.636	1.162470484444478e-6
3.638	1.1594434142398338e-6
3.64	1.156425883707494e-6
3.642	1.1534178575667992e-6
3.644	1.1504193006868333e-6
3.646	1.1474301780857236e-6
3.648	1.1444504549299103e-6
3.65	1.141480096533447e-6
3.652	1.1385190683572951e-6
3.654	1.1355673360086116e-6
3.656	1.1326248652400598e-6
3.658	1.1296916219491177e-6
3.66	1.126767572177375e-6
3.662	1.1238526821098583e-6
3.664	1.1209469180743325e-6
3.666	1.1180502465406364e-6
3.668	1.1151626341200005e-6
3.67	1.1122840475643706e-6
3.672	1.1094144537657385e-6
3.674	1.1065538197554833e-6
3.676	1.1037021127037026e-6
3.678	1.100859299918556e-6
3.68	1.0980253488456092e-6
3.682	1.0952002270671852e-6
3.684	1.0923839023017095e-6
3.686	1.0895763424030721e-6
3.688	1.0867775153599795e-6
3.69	1.0839873892953284e-6
3.692	1.0812059324655505e-6
3.694	1.0784331132600047e-6
3.696	1.0756689002003294e-6
3.698	1.0729132619398327e-6
3.7	1.0701661672628552e-6
3.702	1.0674275850841707e-6
3.704	1.0646974844483537e-6
3.706	1.0619758345291793e-6
3.708	1.0592626046290052e-6
3.71	1.0565577641781796e-6
3.712	1.053861282734424e-6
3.714	1.051173129982245e-6
3.716	1.0484932757323344e-6
3.718	1.045821689920975e-6
3.72	1.0431583426094517e-6
3.722	1.0405032039834693e-6
3.724	1.0378562443525634e-6
3.726	1.0352174341495231e-6
3.728	1.0325867439298113e-6
3.73	1.0299641443709907e-6
3.732	1.027349606272155e-6
3.734	1.0247431005533602e-6
3.736	1.0221445982550545e-6
3.738	1.019554070537518e-6
3.74	1.0169714886803073e-6
3.742	1.014396824081694e-6
3.744	1.01183004825811e-6
3.746	1.0092711328436034e-6
3.748	1.0067200495892828e-6
3.75	1.0041767703627743e-6
3.7520000000000002	1.0015975767330975e-6
3.754	9.99026376852859e-7
3.7560000000000002	9.964631417078486e-7
3.758	9.93907842404542e-7
3.7600000000000002	9.913604501695246e-7
3.762	9.88820936348937e-7
3.7640000000000002	9.862892724079055e-7
3.766	9.837654299299957e-7
3.7680000000000002	9.812493806166531e-7
3.77	9.787410962866495e-7
3.7720000000000002	9.762405488755375e-7
3.774	9.737477104351085e-7
3.7760000000000002	9.712625531328422e-7
3.778	9.687850492513746e-7
3.7800000000000002	9.663151711879514e-7
3.782	9.638528914539094e-7
3.7840000000000003	9.613981826741234e-7
3.786	9.589510175865035e-7
3.7880000000000003	9.565113690414376e-7
3.79	9.540792100013026e-7
3.7920000000000003	9.516545135399121e-7
3.794	9.492372528420254e-7
3.7960000000000003	9.468274012028144e-7
3.798	9.444249320273539e-7
3.8000000000000003	9.420298188301191e-7
3.802	9.396420352344755e-7
3.8040000000000003	9.372615549721661e-7
3.806	9.348883518828198e-7
3.8080000000000003	9.325223999134499e-7
3.81	9.301636731179485e-7
3.8120000000000003	9.278121456566097e-7
3.814	9.254677917956219e-7
3.8160000000000003	9.231305859065766e-7
3.818	9.208005024660024e-7
3.8200000000000003	9.18477516054859e-7
3.822	9.161616013580653e-7
3.8240000000000003	9.138527331640159e-7
3.826	9.115508863641167e-7
3.8280000000000003	9.092560359522871e-7
3.83	9.069681570245167e-7
3.8320000000000003	9.046872247783684e-7
3.834	9.024132145125311e-7
3.8360000000000003	9.001461016263435e-7
3.838	8.978858616193448e-7
3.8400000000000003	8.956324700907937e-7
3.842	8.9338590273923e-7
3.8440000000000003	8.911461353620115e-7
3.846	8.889131438548609e-7
3.848	8.8668690421142e-7
3.85	8.844673925227919e-7
3.852	8.822545849771053e-7
3.854	8.800484578590593e-7
3.856	8.778489875495009e-7
3.858	8.75656150524955e-7
3.86	8.734699233572263e-7
3.862	8.71290282712927e-7
3.864	8.6911720535307e-7
3.866	8.669506681326265e-7
3.868	8.647906480001022e-7
3.87	8.626371219971078e-7
3.872	8.604900672579366e-7
3.874	8.583494610091489e-7
3.876	8.562152805691348e-7
3.878	8.540875033477218e-7
3.88	8.519661068457385e-7
3.882	8.498510686546113e-7
3.884	8.477423664559472e-7
3.886	8.456399780211349e-7
3.888	8.435438812109256e-7
3.89	8.414540539750319e-7
3.892	8.393704743517346e-7
3.894	8.372931204674636e-7
3.896	8.35221970536421e-7
3.898	8.331570028601576e-7
3.9	8.310981958272053e-7
3.902	8.290455279126639e-7
3.904	8.269989776778194e-7
3.906	8.249585237697528e-7
3.908	8.229241449209557e-7
3.91	8.20895819948944e-7
3.912	8.188735277558679e-7
3.914	8.168572473281409e-7
3.916	8.148469577360544e-7
3.918	8.12842638133404e-7
3.92	8.108442677571143e-7
3.922	8.088518259268535e-7
3.924	8.0686529204468e-7
3.926	8.048846455946582e-7
3.928	8.029098661424994e-7
3.93	8.009409333351926e-7
3.932	7.989778269006357e-7
3.934	7.970205266472748e-7
3.936	7.950690124637506e-7
3.938	7.931232643185305e-7
3.94	7.911832622595574e-7
3.942	7.892489864138922e-7
3.944	7.873204169873513e-7
3.946	7.853975342641754e-7
3.948	7.834803186066591e-7
3.95	7.815687504548123e-7
3.952	7.796628103260155e-7
3.954	7.777624788146614e-7
3.956	7.75867736591829e-7
3.958	7.739785644049366e-7
3.96	7.720949430773906e-7
3.962	7.702168535082648e-7
3.964	7.683442766719498e-7
3.966	7.664771936178295e-7
3.968	7.646155854699348e-7
3.97	7.627594334266281e-7
3.972	7.609087187602574e-7
3.974	7.590634228168421e-7
3.976	7.572235270157352e-7
3.978	7.553890128493039e-7
3.98	7.535598618826072e-7
3.982	7.517360557530674e-7
3.984	7.499175761701615e-7
3.986	7.48104404915087e-7
3.988	7.462965238404653e-7
3.99	7.444939148700002e-7
3.992	7.426965599981909e-7
3.994	7.409044412899946e-7
3.996	7.391175408805384e-7
3.998	7.373358409747905e-7
4.	7.355593238472682e-7